0.000000   0.000000   0.000000 
0.065000   0.000000   0.000000 
0.130000   0.000000   0.000000 
0.195000   0.000000   0.000000 
0.260000   0.000000   0.000000 
0.325000   0.000000   0.000000 
0.390000   0.000000   0.000000 
0.455000   0.000000   0.000000 
0.520000   0.000000   0.000000 
0.585000   0.000000   0.000000 
0.650000   0.000000   0.000000 
0.715000   0.000000   0.000332 
0.780000   0.000000   0.000279 
0.845000   0.000000   0.000419 
0.910000   0.000000   0.000489 
0.975000   0.000000   0.000367 
1.040000   0.000000   0.000297 
1.105000   0.000000   0.000227 
1.170000   0.000000   0.000192 
1.235000   0.000000   0.000105 
1.300000   0.000000   0.000087 
1.365000   0.000000   0.000175 
1.430000   0.000000   0.000279 
1.495000   0.000000   0.000332 
1.560000   0.000000   0.000401 
1.625000   0.000000   0.000454 
1.690000   0.000000   0.000524 
1.755000   0.000000   0.000576 
1.820000   0.000000   0.000681 
1.885000   0.000000   0.000803 
1.950000   0.000000   0.000890 
2.015000   0.000000   0.001012 
2.080000   0.000000   0.001047 
2.145000   0.000000   0.001100 
2.210000   0.000000   0.001100 
2.275000   0.000000   0.001134 
2.340000   0.000000   0.001134 
2.405000   0.000000   0.001152 
2.470000   0.000000   0.001222 
2.535000   0.000000   0.001257 
2.600000   0.000000   0.001344 
2.665000   0.000000   0.001396 
2.730000   0.000000   0.001396 
2.795000   0.000000   0.001431 
2.860000   0.000000   0.001449 
2.925000   0.000000   0.001466 
2.990000   0.000000   0.001449 
3.055000   0.000000   0.001431 
3.120000   0.000000   0.001449 
3.185000   0.000000   0.001449 
3.250000   0.000000   0.001501 
3.315000   0.000000   0.001553 
3.380000   0.000000   0.001536 
3.445000   0.000000   0.001536 
3.510000   0.000000   0.001780 
3.575000   0.000000   0.002234 
3.640000   0.000000   0.002426 
3.705000   0.000000   0.002618 
3.770000   0.000000   0.002705 
3.835000   0.000000   0.002845 
3.900000   0.000000   0.002862 
3.965000   0.000000   0.002705 
4.030000   0.000000   0.002705 
4.095000   0.000000   0.002758 
4.160000   0.000000   0.002897 
4.225000   0.000000   0.002862 
4.290000   0.000000   0.002862 
4.355000   0.000000   0.002862 
4.420000   0.000000   0.003124 
4.485000   0.000000   0.002758 
4.550000   0.000000   0.003054 
4.615000   0.000000   0.002356 
4.680000   0.000000   0.002356 
4.745000   0.000000   0.002356 
4.810000   0.000000   0.002409 
4.875000   0.000000   0.002827 
4.940000   0.000000   0.002374 
5.005000   0.000000   0.001972 
5.070000   0.000000   0.002618 
5.135000   0.000000   0.002025 
5.200000   0.000000   0.004067 
5.265000   0.000000   0.004782 
5.330000   0.000000   0.002025 
5.395000   0.000000   0.002496 
5.460000   0.000000   0.000838 
5.525000   0.000000   0.005061 
5.590000   0.000000   -0.000803 
5.655000   0.000000   0.013003 
5.720000   0.000000   0.029653 
5.785000   0.000000   0.027122 
5.850000   0.000000   0.013456 
5.915000   0.000000   -0.002601 
5.980000   0.000000   -0.015673 
6.045000   0.000000   -0.016336 
6.110000   0.000000   -0.000192 
6.175000   0.000000   0.016371 
6.240000   0.000000   0.030316 
6.305000   0.000000   0.030316 
6.370000   0.287000   0.044419 
6.435000   0.334000   0.045291 
6.500000   0.381000   0.043616 
6.565000   0.440000   0.039985 
6.630000   0.490000   0.032236 
6.695000   0.490000   0.021782 
6.760000   0.571000   0.011292 
6.825000   0.614000   0.002548 
6.890000   0.643000   -0.004608 
6.955000   0.659000   -0.010804 
7.020000   0.659000   -0.010804 
7.085000   0.659000   -0.010804 
7.150000   0.671000   -0.015394 
7.215000   0.681000   -0.014539 
7.280000   0.681000   -0.014539 
7.345000   0.660000   -0.007802 
7.410000   0.654000   -0.005096 
7.475000   0.650000   -0.002443 
7.540000   0.649000   -0.000908 
7.605000   0.650000   0.002269 
7.670000   0.654000   0.003735 
7.735000   0.658000   0.006196 
7.800000   0.662000   0.008796 
7.865000   0.671000   0.009215 
7.930000   0.681000   0.009582 
7.995000   0.691000   0.009861 
8.060000   0.703000   0.009564 
8.125000   0.714000   0.009477 
8.190000   0.729000   0.010716 
8.255000   0.742000   0.012933 
8.320000   0.759000   0.010943 
8.385000   0.759000   0.009163 
8.450000   0.793000   0.007278 
8.515000   0.809000   0.005480 
8.580000   0.823000   0.004852 
8.645000   0.839000   0.006196 
8.710000   0.851000   0.004259 
8.775000   0.864000   0.003805 
8.840000   0.879000   0.001152 
8.905000   0.893000   0.000209 
8.970000   0.905000   0.000401 
9.035000   0.917000   0.000227 
9.100000   0.927000   -0.000017 
9.165000   0.936000   0.001780 
9.230000   1.004000   0.003264 
9.295000   0.979000   0.003962 
9.360000   0.968000   0.004625 
9.425000   0.965000   0.004974 
9.490000   0.967000   0.004154 
9.555000   0.975000   0.003264 
9.620000   0.979000   0.004643 
9.685000   0.988000   0.005271 
9.750000   0.991000   0.005061 
9.815000   0.998000   0.005184 
9.880000   1.003000   0.004485 
9.945000   1.008000   0.003054 
10.010000   1.013000   0.003281 
10.075000   1.015000   0.003630 
10.140000   1.018000   0.003840 
10.205000   1.020000   0.003700 
10.270000   1.023000   0.002810 
10.335000   1.023000   0.012863 
10.400000   1.023000   0.046234 
10.465000   1.023000   0.091351 
10.530000   1.023000   0.130638 
10.595000   1.023000   0.149453 
10.660000   1.023000   0.138509 
10.725000   1.023000   0.097285 
10.790000   1.022000   0.033528 
10.855000   1.013000   -0.040911 
10.920000   1.006000   -0.107285 
10.985000   1.003000   -0.151407 
11.050000   0.998000   -0.169087 
11.115000   0.995000   -0.153955 
11.180000   0.990000   -0.110916 
11.245000   0.990000   -0.110916 
11.310000   1.006000   0.029548 
11.375000   1.011000   0.095312 
11.440000   1.017000   0.143606 
11.505000   1.018000   0.164096 
11.570000   1.020000   0.151687 
11.635000   1.019000   0.107058 
11.700000   1.017000   0.039567 
11.765000   1.010000   -0.034802 
11.830000   1.006000   -0.100391 
11.895000   0.996000   -0.144234 
11.960000   0.989000   -0.156975 
12.025000   0.989000   -0.156975 
12.090000   0.987000   -0.089884 
12.155000   0.991000   -0.020944 
12.220000   0.995000   0.051435 
12.285000   1.000000   0.112399 
12.350000   1.005000   0.159349 
12.415000   1.011000   0.176610 
12.480000   1.011000   0.156748 
12.545000   1.009000   0.103969 
12.610000   1.004000   0.029915 
12.675000   0.999000   -0.048206 
12.740000   0.992000   -0.112661 
12.805000   0.984000   -0.151041 
12.870000   0.979000   -0.157882 
12.935000   0.977000   -0.130743 
13.000000   0.984000   -0.075887 
13.065000   0.985000   -0.006580 
13.130000   0.990000   0.063321 
13.195000   0.999000   0.120812 
13.260000   1.002000   0.156382 
13.325000   1.002000   0.162735 
13.390000   1.001000   0.135874 
13.455000   0.999000   0.081542 
13.520000   0.996000   0.008919 
13.585000   0.990000   -0.062081 
13.650000   0.984000   -0.119956 
13.715000   1.019000   -0.152140 
13.780000   1.005000   -0.153380 
13.845000   0.989000   -0.120009 
13.910000   0.976000   -0.060301 
13.975000   0.972000   0.012933 
14.040000   0.978000   0.081961 
14.105000   0.980000   0.136345 
14.170000   0.983000   0.165597 
14.235000   0.988000   0.162769 
14.300000   0.990000   0.126851 
14.365000   1.040000   0.066549 
14.430000   1.017000   -0.008046 
14.495000   0.985000   -0.078645 
14.560000   0.969000   -0.131353 
14.625000   0.959000   -0.155544 
14.690000   0.958000   -0.146276 
14.755000   0.960000   -0.108769 
14.820000   0.972000   -0.045693 
14.885000   0.981000   0.027646 
14.950000   0.986000   0.092886 
15.015000   0.986000   0.142070 
15.080000   1.022000   0.165108 
15.145000   1.022000   0.165108 
15.210000   1.003000   0.113028 
15.275000   0.995000   0.048031 
15.340000   0.988000   -0.024452 
15.405000   0.988000   -0.024452 
15.470000   0.980000   -0.136467 
15.535000   0.983000   -0.156067 
15.600000   0.988000   -0.141581 
15.665000   0.991000   -0.096639 
15.730000   0.999000   -0.033318 
15.795000   1.008000   0.035797 
15.860000   1.015000   0.099065 
15.925000   1.021000   0.146503 
15.990000   1.023000   0.165230 
16.055000   1.023000   0.149330 
16.120000   1.023000   0.101194 
16.185000   1.021000   0.032707 
16.250000   1.014000   -0.041853 
16.315000   1.011000   -0.106046 
16.380000   1.003000   -0.148056 
16.445000   1.001000   -0.159069 
16.510000   0.999000   -0.135822 
16.575000   0.999000   -0.135822 
16.640000   1.005000   -0.016040 
16.705000   1.005000   0.055117 
16.770000   1.012000   0.116134 
16.835000   1.016000   0.153222 
16.900000   1.016000   0.161338 
16.965000   1.015000   0.136467 
17.030000   1.014000   0.081873 
17.095000   1.009000   0.009634 
17.160000   1.004000   -0.063827 
17.225000   0.996000   -0.123238 
17.290000   0.991000   -0.158057 
17.355000   0.990000   -0.161303 
17.420000   0.988000   -0.131755 
17.485000   0.993000   -0.075608 
17.550000   1.053000   -0.004852 
17.615000   1.053000   0.064315 
17.680000   1.012000   0.120428 
17.745000   1.004000   0.152594 
17.810000   0.997000   0.153938 
17.875000   0.996000   0.127409 
17.940000   0.992000   0.073129 
18.005000   0.990000   0.001379 
18.070000   0.984000   -0.069220 
18.135000   0.981000   -0.125629 
18.200000   1.019000   -0.157010 
18.265000   1.022000   -0.158197 
18.330000   0.995000   -0.125507 
18.395000   0.982000   -0.064385 
18.460000   0.977000   0.010071 
18.525000   0.980000   0.078313 
18.590000   0.981000   0.130446 
18.655000   0.988000   0.157481 
18.720000   0.992000   0.152332 
18.785000   0.994000   0.114406 
18.850000   0.997000   0.053023 
18.915000   0.995000   -0.019303 
18.980000   0.995000   -0.086568 
19.045000   0.991000   -0.135612 
19.110000   0.986000   -0.158005 
19.175000   0.989000   -0.146067 
19.240000   0.997000   -0.103446 
19.305000   0.995000   -0.040422 
19.370000   1.009000   0.030543 
19.435000   1.013000   0.093375 
19.500000   1.016000   0.138893 
19.565000   1.022000   0.156713 
19.630000   1.022000   0.144339 
19.695000   1.023000   0.100915 
19.760000   1.020000   0.035029 
19.825000   1.019000   -0.039148 
19.890000   1.010000   -0.102765 
19.955000   1.005000   -0.147114 
20.020000   1.000000   -0.160291 
20.085000   0.998000   -0.140237 
20.150000   0.994000   -0.092747 
20.215000   1.004000   -0.026128 
20.280000   1.012000   0.045588 
20.345000   1.014000   0.108664 
20.410000   1.017000   0.149610 
20.475000   1.018000   0.161443 
20.540000   1.018000   0.141599 
20.605000   1.015000   0.091438 
20.670000   1.010000   0.021014 
20.735000   1.002000   -0.053075 
20.800000   1.000000   -0.115262 
20.865000   0.990000   -0.153851 
20.930000   0.987000   -0.159715 
20.995000   0.987000   -0.132697 
21.060000   0.986000   -0.079709 
21.125000   0.991000   -0.010943 
21.190000   0.991000   0.060301 
21.255000   0.995000   0.118560 
21.320000   0.998000   0.153467 
21.385000   0.999000   0.157917 
21.450000   0.998000   0.131650 
21.515000   0.997000   0.079727 
21.580000   0.994000   0.009931 
21.645000   0.989000   -0.061296 
21.710000   0.984000   -0.120532 
21.775000   0.980000   -0.156224 
21.840000   0.978000   -0.156277 
21.905000   0.977000   -0.123290 
21.970000   0.981000   -0.065432 
22.035000   0.981000   0.006458 
22.100000   1.018000   0.076585 
22.165000   1.000000   0.130132 
22.230000   0.965000   0.171461 
22.295000   0.937000   0.192475 
22.360000   0.905000   0.201062 
22.425000   0.862000   0.200032 
22.490000   0.823000   0.195913 
22.555000   0.823000   0.190642 
22.620000   0.729000   0.184097 
22.685000   0.680000   0.175563 
22.750000   0.629000   0.169681 
22.815000   0.577000   0.166033 
22.880000   0.577000   0.163485 
22.945000   0.472000   0.162106 
23.010000   0.419000   0.161111 
23.075000   0.365000   0.160500 
23.140000   0.314000   0.162874 
23.205000   0.314000   0.169995 
23.270000   0.225000   0.178041 
23.335000   0.225000   0.179141 
23.400000   0.225000   0.162874 
23.465000   0.000000   -0.021537 
23.530000   0.000000   -0.020490 
23.595000   0.000000   -0.013142 
23.660000   0.000000   0.013038 
23.725000   0.000000   0.028152 
23.790000   0.000000   0.027175 
23.855000   0.000000   0.026302 
23.920000   0.000000   0.025517 
23.985000   0.000000   0.024662 
24.050000   0.000000   0.023894 
24.115000   0.000000   0.023248 
24.180000   0.000000   0.022532 
24.245000   0.000000   0.021852 
24.310000   0.000000   0.021188 
24.375000   0.000000   0.020612 
24.440000   0.000000   0.020019 
24.505000   0.000000   0.019356 
24.570000   0.000000   0.018745 
24.635000   0.000000   0.018309 
24.700000   0.000000   0.017767 
24.765000   0.000000   0.017767 
24.830000   0.000000   0.017209 
24.895000   0.000000   0.016668 
24.960000   0.000000   0.016179 
