0.000000   0.000000   0.000000 
0.065000   0.000000   0.000000 
0.130000   0.000000   0.000000 
0.195000   0.000000   0.000000 
0.260000   0.000000   0.000000 
0.325000   0.000000   0.000000 
0.390000   0.000000   0.000000 
0.455000   0.000000   0.000000 
0.520000   0.000000   0.000000 
0.585000   0.000000   0.000000 
0.650000   0.000000   0.000000 
0.715000   0.000000   -0.002339 
0.780000   0.000000   -0.002199 
0.845000   0.000000   -0.002217 
0.910000   0.000000   -0.002251 
0.975000   0.000000   -0.002269 
1.040000   0.000000   -0.002217 
1.105000   0.000000   -0.002304 
1.170000   0.000000   -0.002339 
1.235000   0.000000   -0.002409 
1.300000   0.000000   -0.002478 
1.365000   0.000000   0.000052 
1.430000   0.000000   0.000105 
1.495000   0.000000   0.000157 
1.560000   0.000000   0.000175 
1.625000   0.000000   0.000192 
1.690000   0.000000   0.000244 
1.755000   0.000000   0.000262 
1.820000   0.000000   0.000279 
1.885000   0.000000   0.000384 
1.950000   0.000000   0.000419 
2.015000   0.000000   0.000471 
2.080000   0.000000   0.000524 
2.145000   0.000000   0.000559 
2.210000   0.000000   0.000611 
2.275000   0.000000   0.000628 
2.340000   0.000000   0.000681 
2.405000   0.000000   0.000698 
2.470000   0.000000   0.000716 
2.535000   0.000000   0.000750 
2.600000   0.000000   0.000768 
2.665000   0.000000   0.000890 
2.730000   0.000000   0.001100 
2.795000   0.000000   0.001361 
2.860000   0.000000   0.001187 
2.925000   0.000000   0.001100 
2.990000   0.000000   0.000942 
3.055000   0.000000   0.001100 
3.120000   0.000000   0.001222 
3.185000   0.000000   0.001431 
3.250000   0.000000   0.001501 
3.315000   0.000000   0.001588 
3.380000   0.000000   0.001728 
3.445000   0.000000   0.001728 
3.510000   0.000000   0.001850 
3.575000   0.000000   0.002007 
3.640000   0.000000   0.001780 
3.705000   0.000000   0.002286 
3.770000   0.000000   0.001780 
3.835000   0.000000   0.001937 
3.900000   0.000000   0.001553 
3.965000   0.000000   0.002129 
4.030000   0.000000   0.001815 
4.095000   0.000000   0.001658 
4.160000   0.000000   0.001710 
4.225000   0.000000   0.001641 
4.290000   0.000000   0.001414 
4.355000   0.000000   0.001082 
4.420000   0.000000   0.002950 
4.485000   0.000000   0.004032 
4.550000   0.000000   0.001326 
4.615000   0.000000   0.004800 
4.680000   0.000000   0.005952 
4.745000   0.000000   0.007226 
4.810000   0.000000   0.003595 
4.875000   0.000000   0.001658 
4.940000   0.000000   -0.002635 
5.005000   0.000000   -0.009407 
5.070000   0.000000   -0.010140 
5.135000   0.000000   -0.006074 
5.200000   0.000000   -0.000105 
5.265000   0.000000   0.010734 
5.330000   0.000000   0.019635 
5.395000   0.000000   0.027053 
5.460000   0.292000   0.033528 
5.525000   0.336000   0.034645 
5.590000   0.385000   0.031259 
5.655000   0.441000   0.028920 
5.720000   0.491000   0.028187 
5.785000   0.530000   0.023981 
5.850000   0.567000   0.016511 
5.915000   0.594000   0.010158 
5.980000   0.612000   0.004922 
6.045000   0.626000   0.000995 
6.110000   0.639000   -0.002601 
6.175000   0.646000   -0.004067 
6.240000   0.653000   -0.004171 
6.305000   0.660000   -0.003648 
6.370000   0.665000   -0.002670 
6.435000   0.665000   -0.002670 
6.500000   0.665000   -0.002670 
6.565000   0.665000   -0.002670 
6.630000   0.679000   0.000803 
6.695000   0.686000   0.001571 
6.760000   0.694000   0.002182 
6.825000   0.703000   0.002374 
6.890000   0.714000   0.003211 
6.955000   0.723000   0.004171 
7.020000   0.734000   0.005096 
7.085000   0.744000   0.004712 
7.150000   0.755000   0.005219 
7.215000   0.767000   0.005411 
7.280000   0.767000   0.006720 
7.345000   0.791000   0.008029 
7.410000   0.804000   0.009669 
7.475000   0.817000   0.010751 
7.540000   0.830000   0.011484 
7.605000   0.843000   0.012985 
7.670000   0.856000   0.013631 
7.735000   0.867000   0.013456 
7.800000   0.879000   0.011676 
7.865000   0.890000   0.010105 
7.930000   0.899000   0.009320 
7.995000   0.909000   0.008622 
8.060000   0.919000   0.008570 
8.125000   0.929000   0.007208 
8.190000   0.938000   0.006231 
8.255000   0.947000   0.004782 
8.320000   0.952000   0.004468 
8.385000   0.956000   0.006737 
8.450000   0.964000   0.007906 
8.515000   0.964000   0.007906 
8.580000   0.974000   0.005096 
8.645000   0.978000   0.003211 
8.710000   0.978000   0.003002 
8.775000   1.001000   0.001850 
8.840000   0.997000   0.001012 
8.905000   0.985000   0.002374 
8.970000   0.982000   0.002077 
9.035000   0.978000   0.001658 
9.100000   0.985000   0.001937 
9.165000   0.988000   0.001588 
9.230000   0.994000   0.001676 
9.295000   0.997000   0.001274 
9.360000   1.005000   -0.000017 
9.425000   1.012000   -0.001326 
9.490000   1.015000   -0.001309 
9.555000   1.014000   0.000279 
9.620000   1.013000   0.001536 
9.685000   1.016000   0.000925 
9.750000   1.019000   0.000070 
9.815000   1.019000   0.001850 
9.880000   1.016000   0.001606 
9.945000   1.018000   -0.000017 
10.010000   1.018000   -0.000244 
10.075000   1.014000   0.000052 
10.140000   1.013000   0.000855 
10.205000   1.013000   0.002339 
10.270000   1.009000   0.002513 
10.335000   1.010000   -0.002723 
10.400000   1.010000   -0.032009 
10.465000   1.007000   -0.072536 
10.530000   1.003000   -0.086638 
10.595000   0.998000   -0.049951 
10.660000   1.004000   0.015202 
10.725000   1.004000   0.073531 
10.790000   1.006000   0.087354 
10.855000   1.001000   0.049009 
10.920000   0.997000   -0.014783 
10.985000   0.992000   -0.065799 
11.050000   0.989000   -0.066794 
11.115000   0.984000   -0.020787 
11.180000   0.990000   0.040247 
11.245000   0.990000   0.076131 
11.310000   0.995000   0.061959 
11.375000   0.996000   0.010524 
11.440000   0.994000   -0.047595 
11.505000   0.991000   -0.073950 
11.570000   0.988000   -0.047072 
11.635000   0.987000   0.012881 
11.700000   0.995000   0.067056 
11.765000   0.996000   0.076917 
11.830000   1.000000   0.038205 
11.895000   1.001000   -0.021834 
11.960000   0.997000   -0.066008 
12.025000   0.993000   -0.061069 
12.090000   0.992000   -0.012357 
12.155000   0.992000   0.047386 
12.220000   0.997000   0.079081 
12.285000   0.997000   0.057509 
12.350000   0.995000   -0.000140 
12.415000   0.992000   -0.058067 
12.480000   0.988000   -0.076219 
12.545000   0.996000   -0.040212 
12.610000   0.997000   0.021310 
12.675000   0.997000   0.070494 
12.740000   1.002000   0.073025 
12.805000   1.004000   0.028536 
12.870000   1.001000   -0.032865 
12.935000   0.999000   -0.071401 
13.000000   0.995000   -0.057456 
13.065000   0.996000   -0.003665 
13.130000   0.998000   0.057229 
13.195000   0.995000   0.084177 
13.260000   1.001000   0.056147 
13.325000   1.000000   -0.004712 
13.390000   0.999000   -0.063774 
13.455000   0.994000   -0.079378 
13.520000   0.990000   -0.041434 
13.585000   0.992000   0.020857 
13.650000   0.995000   0.066933 
13.715000   0.996000   0.065869 
13.780000   0.997000   0.020892 
13.845000   0.995000   -0.040195 
13.910000   0.990000   -0.076690 
13.975000   0.990000   -0.059917 
14.040000   0.987000   -0.003508 
14.105000   0.989000   0.056235 
14.170000   0.992000   0.079884 
14.235000   0.991000   0.048119 
14.300000   0.991000   -0.012881 
14.365000   0.987000   -0.066497 
14.430000   0.987000   -0.072972 
14.495000   1.019000   -0.031695 
14.560000   1.000000   0.028170 
14.625000   0.983000   0.068679 
14.690000   0.977000   0.057701 
14.755000   0.970000   0.006807 
14.820000   0.968000   -0.050981 
14.885000   0.964000   -0.078749 
14.950000   0.963000   -0.052273 
15.015000   0.968000   0.004677 
15.080000   0.968000   0.059900 
15.145000   1.005000   0.075014 
15.210000   0.992000   0.037559 
15.275000   0.983000   -0.025534 
15.340000   0.973000   -0.077685 
15.405000   0.967000   -0.087842 
15.470000   0.969000   -0.050946 
15.535000   0.977000   0.008343 
15.600000   0.977000   0.052796 
15.665000   0.983000   0.047682 
15.730000   0.990000   0.002007 
15.795000   0.991000   -0.055222 
15.860000   0.991000   -0.082764 
15.925000   0.991000   -0.057160 
15.990000   0.990000   0.003211 
16.055000   1.000000   0.061156 
16.120000   1.002000   0.078400 
16.185000   1.002000   0.043947 
16.250000   1.002000   -0.015464 
16.315000   1.000000   -0.061174 
16.380000   0.998000   -0.057072 
16.445000   0.999000   -0.009390 
16.510000   1.002000   0.050457 
16.575000   1.008000   0.084317 
16.640000   1.011000   0.063303 
16.705000   1.011000   0.004294 
16.770000   1.008000   -0.056496 
16.835000   1.006000   -0.079151 
16.900000   1.004000   -0.047944 
16.965000   1.003000   0.012479 
17.030000   1.009000   0.064979 
17.095000   1.014000   0.073531 
17.160000   1.014000   0.033667 
17.225000   1.012000   -0.028170 
17.290000   1.007000   -0.072309 
17.355000   1.003000   -0.063617 
17.420000   1.001000   -0.011572 
17.485000   1.002000   0.052657 
17.550000   1.008000   0.086289 
17.615000   1.013000   0.063844 
17.680000   1.013000   0.005009 
17.745000   1.009000   -0.052569 
17.810000   1.005000   -0.071960 
17.875000   1.002000   -0.037402 
17.940000   1.002000   0.023056 
18.005000   1.000000   0.071663 
18.070000   1.007000   0.072937 
18.135000   1.007000   0.029287 
18.200000   1.005000   -0.032323 
18.265000   1.002000   -0.072902 
18.330000   0.998000   -0.059167 
18.395000   0.995000   -0.004503 
18.460000   0.999000   0.057613 
18.525000   0.999000   0.084073 
18.590000   0.998000   0.055885 
18.655000   0.996000   -0.004136 
18.720000   0.993000   -0.060214 
18.785000   0.988000   -0.072414 
18.850000   0.985000   -0.034854 
18.915000   0.986000   0.023754 
18.980000   0.991000   0.067701 
19.045000   0.993000   0.063024 
19.110000   0.996000   0.016616 
19.175000   0.994000   -0.046408 
19.240000   0.991000   -0.083933 
19.305000   0.987000   -0.064001 
19.370000   0.985000   -0.004363 
19.435000   0.989000   0.056147 
19.500000   0.992000   0.080390 
19.565000   0.996000   0.051487 
19.630000   1.001000   -0.009477 
19.695000   1.001000   -0.064752 
19.760000   1.002000   -0.075573 
19.825000   1.006000   -0.035675 
19.890000   1.009000   0.026669 
19.955000   1.015000   0.073827 
20.020000   1.018000   0.070302 
20.085000   1.018000   0.019146 
20.150000   1.017000   -0.046618 
20.215000   1.013000   -0.081891 
20.280000   1.011000   -0.061924 
20.345000   1.010000   -0.004241 
20.410000   1.013000   0.052657 
20.475000   1.016000   0.070162 
20.540000   1.015000   0.035535 
20.605000   1.013000   -0.026302 
20.670000   1.019000   -0.076498 
20.735000   1.019000   -0.076061 
20.800000   1.017000   -0.026861 
20.865000   1.021000   0.038240 
20.930000   1.021000   0.077161 
20.995000   1.021000   0.061680 
21.060000   1.021000   -0.061017 
21.125000   1.023000   -0.087633 
21.190000   1.019000   -0.056933 
21.255000   1.017000   0.004974 
21.320000   1.018000   0.060476 
21.385000   1.018000   0.060476 
21.450000   1.018000   0.060476 
21.515000   1.018000   0.060476 
21.580000   1.021000   -0.024138 
21.645000   1.017000   -0.072676 
21.710000   1.015000   -0.079395 
21.775000   1.011000   -0.037141 
21.840000   1.006000   0.027384 
21.905000   1.010000   0.067597 
21.970000   1.017000   0.054140 
22.035000   1.015000   -0.000035 
22.100000   1.009000   -0.077388 
22.165000   1.008000   -0.044838 
22.230000   1.005000   0.016895 
22.295000   0.984000   0.084998 
22.360000   0.965000   0.134146 
22.425000   0.943000   0.161897 
22.490000   0.904000   0.179612 
22.555000   0.870000   0.187204 
22.620000   0.823000   0.187099 
22.685000   0.823000   0.186139 
22.750000   0.725000   0.181462 
22.815000   0.674000   0.177884 
22.880000   0.621000   0.174062 
22.945000   0.569000   0.170693 
23.010000   0.569000   0.169437 
23.075000   0.469000   0.168564 
23.140000   0.417000   0.167517 
23.205000   0.368000   0.163485 
23.270000   0.316000   0.163118 
23.335000   0.316000   0.170170 
23.400000   0.232000   0.185703 
23.465000   0.210000   0.190468 
23.530000   0.210000   0.164515 
23.595000   0.000000   0.083113 
23.660000   0.000000   -0.042150 
23.725000   0.000000   -0.052081 
23.790000   0.000000   -0.019181 
23.855000   0.000000   0.005027 
23.920000   0.000000   0.005236 
23.985000   0.000000   0.004503 
24.050000   0.000000   0.004503 
24.115000   0.000000   0.003822 
24.180000   0.000000   0.003334 
24.245000   0.000000   0.002723 
24.310000   0.000000   0.001972 
24.375000   0.000000   0.001361 
24.440000   0.000000   0.000785 
24.505000   0.000000   0.000227 
24.570000   0.000000   -0.000279 
24.635000   0.000000   -0.000873 
24.700000   0.000000   -0.001326 
24.765000   0.000000   -0.001780 
24.830000   0.000000   -0.002199 
24.895000   0.000000   -0.002601 
24.960000   0.000000   -0.002932 
25.025000   0.000000   -0.003299 
25.090000   0.000000   -0.003665 
25.155000   0.000000   -0.004084 
