0.000000   0.000000   0.000000 
0.065000   0.000000   0.000000 
0.130000   0.000000   0.000000 
0.195000   0.000000   0.000000 
0.260000   0.000000   0.000000 
0.325000   0.000000   0.000000 
0.390000   0.000000   0.000000 
0.455000   0.000000   0.000000 
0.520000   0.000000   0.000000 
0.585000   0.000000   0.000000 
0.650000   0.000000   0.000000 
0.715000   0.000000   0.002025 
0.780000   0.000000   0.002094 
0.845000   0.000000   0.002147 
0.910000   0.000000   0.002217 
0.975000   0.000000   0.002217 
1.040000   0.000000   0.002217 
1.105000   0.000000   0.002217 
1.170000   0.000000   0.002164 
1.235000   0.000000   0.002164 
1.300000   0.000000   0.002147 
1.365000   0.000000   0.002129 
1.430000   0.000000   0.000000 
1.495000   0.000000   -0.000035 
1.560000   0.000000   -0.000087 
1.625000   0.000000   -0.000140 
1.690000   0.000000   -0.000157 
1.755000   0.000000   -0.000157 
1.820000   0.000000   -0.000157 
1.885000   0.000000   -0.000227 
1.950000   0.000000   -0.000244 
2.015000   0.000000   -0.000262 
2.080000   0.000000   -0.000297 
2.145000   0.000000   -0.000332 
2.210000   0.000000   -0.000349 
2.275000   0.000000   -0.000401 
2.340000   0.000000   -0.000663 
2.405000   0.000000   -0.000663 
2.470000   0.000000   -0.000768 
2.535000   0.000000   -0.000750 
2.600000   0.000000   -0.000750 
2.665000   0.000000   -0.000716 
2.730000   0.000000   -0.000716 
2.795000   0.000000   -0.000750 
2.860000   0.000000   -0.000803 
2.925000   0.000000   -0.000942 
2.990000   0.000000   -0.000820 
3.055000   0.000000   -0.000785 
3.120000   0.000000   -0.000593 
3.185000   0.000000   -0.000401 
3.250000   0.000000   -0.000384 
3.315000   0.000000   -0.000716 
3.380000   0.000000   -0.000820 
3.445000   0.000000   -0.000768 
3.510000   0.000000   -0.000750 
3.575000   0.000000   -0.000873 
3.640000   0.000000   -0.000733 
3.705000   0.000000   -0.000698 
3.770000   0.000000   -0.000785 
3.835000   0.000000   -0.000681 
3.900000   0.000000   -0.000768 
3.965000   0.000000   -0.000995 
4.030000   0.000000   -0.001082 
4.095000   0.000000   -0.001222 
4.160000   0.000000   -0.001117 
4.225000   0.000000   -0.001274 
4.290000   0.000000   -0.000820 
4.355000   0.000000   -0.001152 
4.420000   0.000000   -0.001257 
4.485000   0.000000   -0.000471 
4.550000   0.000000   -0.000314 
4.615000   0.000000   -0.004381 
4.680000   0.000000   -0.002496 
4.745000   0.000000   -0.004957 
4.810000   0.000000   -0.001222 
4.875000   0.000000   -0.003770 
4.940000   0.000000   -0.004311 
5.005000   0.000000   -0.002897 
5.070000   0.000000   -0.002897 
5.135000   0.000000   0.009076 
5.200000   0.000000   0.027471 
5.265000   0.000000   0.038886 
5.330000   0.000000   0.042900 
5.395000   0.000000   0.042551 
5.460000   0.000000   0.033685 
5.525000   0.000000   0.033685 
5.590000   0.000000   0.024592 
5.655000   0.000000   0.018727 
5.720000   0.292000   0.019879 
5.785000   0.343000   0.021363 
5.850000   0.393000   0.020508 
5.915000   0.450000   0.020106 
5.980000   0.500000   0.017593 
6.045000   0.542000   0.015097 
6.110000   0.578000   0.012305 
6.175000   0.610000   0.008343 
6.240000   0.631000   0.003979 
6.305000   0.650000   0.000175 
6.370000   0.667000   -0.003159 
6.435000   0.680000   -0.005201 
6.500000   0.694000   -0.006685 
6.565000   0.704000   -0.006615 
6.630000   0.713000   -0.005358 
6.695000   0.722000   -0.002950 
6.760000   0.732000   0.000611 
6.825000   0.739000   0.003037 
6.890000   0.747000   0.006301 
6.955000   0.754000   0.008971 
7.020000   0.766000   0.009512 
7.085000   0.766000   0.008412 
7.150000   0.788000   0.008238 
7.215000   0.797000   0.006702 
7.280000   0.807000   0.005550 
7.345000   0.818000   0.003962 
7.410000   0.829000   0.005009 
7.475000   0.841000   0.005829 
7.540000   0.854000   0.005882 
7.605000   0.863000   0.005917 
7.670000   0.874000   0.006231 
7.735000   0.884000   0.007767 
7.800000   0.895000   0.008884 
7.865000   0.902000   0.008535 
7.930000   0.910000   0.008395 
7.995000   0.914000   0.006493 
8.060000   0.919000   0.004695 
8.125000   0.924000   0.004433 
8.190000   0.930000   0.004800 
8.255000   0.934000   0.005341 
8.320000   0.942000   0.005515 
8.385000   0.943000   0.004503 
8.450000   0.943000   0.003019 
8.515000   0.944000   0.002269 
8.580000   0.945000   0.002426 
8.645000   0.947000   0.001920 
8.710000   0.951000   0.000890 
8.775000   0.955000   0.001466 
8.840000   0.957000   0.001553 
8.905000   0.961000   0.001204 
8.970000   0.964000   0.000209 
9.035000   0.965000   0.000175 
9.100000   0.967000   -0.000262 
9.165000   0.969000   -0.001344 
9.230000   0.972000   -0.000436 
9.295000   0.973000   0.000175 
9.360000   0.975000   0.001152 
9.425000   0.976000   0.001501 
9.490000   0.978000   0.001676 
9.555000   0.981000   0.001623 
9.620000   0.983000   0.002740 
9.685000   0.982000   0.004049 
9.750000   0.983000   0.005952 
9.815000   0.983000   0.006126 
9.880000   0.984000   0.004171 
9.945000   0.986000   0.003421 
10.010000   0.990000   0.003281 
10.075000   0.988000   0.003159 
10.140000   0.991000   0.004276 
10.205000   0.993000   0.004171 
10.270000   0.992000   0.002443 
10.335000   0.993000   -0.003368 
10.400000   0.995000   -0.003857 
10.465000   0.994000   0.010961 
10.530000   0.995000   0.035151 
10.595000   0.998000   0.069202 
10.660000   1.001000   0.108559 
10.725000   1.006000   0.142192 
10.790000   1.007000   0.165056 
10.855000   1.010000   0.174271 
10.920000   1.007000   0.161757 
10.985000   1.002000   0.128613 
11.050000   0.997000   0.076044 
11.115000   0.990000   0.014399 
11.180000   0.983000   -0.051278 
11.245000   0.976000   -0.111160 
11.310000   0.971000   -0.157551 
11.375000   0.970000   -0.186122 
11.440000   0.972000   -0.200154 
11.505000   0.972000   -0.200154 
11.570000   0.981000   -0.178024 
11.635000   0.989000   -0.142314 
11.700000   0.998000   -0.089239 
11.765000   1.004000   -0.026424 
11.830000   1.007000   0.043005 
11.895000   1.012000   0.107809 
11.960000   1.015000   0.158197 
12.025000   1.019000   0.191236 
12.090000   1.022000   0.206211 
12.155000   1.021000   0.198845 
12.220000   1.016000   0.170449 
12.285000   1.011000   0.123744 
12.350000   1.005000   0.061418 
12.415000   0.997000   -0.007906 
12.480000   0.961000   -0.075835 
12.545000   0.968000   -0.129992 
12.610000   0.969000   -0.167552 
12.675000   0.971000   -0.191672 
12.740000   0.980000   -0.197240 
12.805000   0.985000   -0.182125 
12.870000   0.989000   -0.144845 
12.935000   0.995000   -0.090111 
13.000000   1.001000   -0.025726 
13.065000   1.004000   0.043843 
13.130000   1.008000   0.108559 
13.195000   1.014000   0.159593 
13.260000   1.018000   0.194918 
13.325000   1.020000   0.212389 
13.390000   1.020000   0.210644 
13.455000   1.019000   0.186820 
13.520000   1.014000   0.140935 
13.585000   1.014000   0.140935 
13.650000   1.014000   0.140935 
13.715000   1.003000   0.011083 
13.780000   0.996000   -0.057229 
13.845000   0.988000   -0.117181 
13.910000   0.982000   -0.161879 
13.975000   0.982000   -0.188565 
14.040000   0.982000   -0.197432 
14.105000   0.982000   -0.197432 
14.170000   0.988000   -0.157882 
14.235000   0.992000   -0.111596 
14.300000   0.997000   -0.057299 
14.365000   1.001000   0.008255 
14.430000   1.003000   0.075189 
14.495000   1.008000   0.132994 
14.560000   1.014000   0.175685 
14.625000   1.015000   0.200277 
14.690000   1.016000   0.206752 
14.755000   1.015000   0.192876 
14.820000   1.010000   0.154060 
14.885000   1.002000   0.095627 
14.950000   0.997000   0.027122 
15.015000   0.989000   -0.043598 
15.080000   0.984000   -0.106884 
15.145000   0.978000   -0.154270 
15.210000   0.974000   -0.184150 
15.275000   0.974000   -0.197467 
15.340000   0.975000   -0.191934 
15.405000   0.976000   -0.167168 
15.470000   0.981000   -0.122452 
15.535000   0.985000   -0.062500 
15.600000   0.989000   0.006580 
15.665000   0.994000   0.073478 
15.730000   1.000000   0.131371 
15.795000   1.004000   0.173032 
15.860000   1.008000   0.198723 
15.925000   1.011000   0.206822 
15.990000   1.013000   0.196000 
16.055000   1.011000   0.166522 
16.120000   1.010000   0.121283 
16.185000   1.006000   0.058975 
16.250000   0.998000   -0.013910 
16.315000   0.997000   -0.085015 
16.380000   0.988000   -0.142558 
16.445000   0.982000   -0.180676 
16.510000   0.978000   -0.201254 
16.575000   0.978000   -0.203017 
16.640000   0.982000   -0.184062 
16.705000   0.982000   -0.146939 
16.770000   0.986000   -0.104161 
16.835000   0.988000   -0.048346 
16.900000   0.993000   0.020508 
16.965000   1.000000   0.087511 
17.030000   1.009000   0.142663 
17.095000   1.014000   0.181287 
17.160000   1.017000   0.200050 
17.225000   1.017000   0.200050 
17.290000   1.017000   0.177465 
17.355000   1.016000   0.139399 
17.420000   1.011000   0.082432 
17.485000   1.009000   0.011659 
17.550000   1.007000   -0.059376 
17.615000   0.998000   -0.120393 
17.680000   0.996000   -0.166051 
17.745000   0.989000   -0.193400 
17.810000   0.988000   -0.199735 
17.875000   0.990000   -0.185790 
17.940000   0.992000   -0.153676 
18.005000   0.996000   -0.105051 
18.070000   1.000000   -0.041085 
18.135000   1.005000   0.030020 
18.200000   1.008000   0.095557 
18.265000   1.014000   0.147149 
18.330000   1.021000   0.182317 
18.395000   1.021000   0.203436 
18.460000   1.021000   0.204500 
18.525000   1.021000   0.185703 
18.590000   1.021000   0.147114 
18.655000   1.020000   0.089832 
18.720000   1.013000   0.022811 
18.785000   1.004000   -0.046827 
18.850000   0.996000   -0.110322 
18.915000   0.990000   -0.160029 
18.980000   0.987000   -0.191096 
19.045000   0.989000   -0.204099 
19.110000   0.994000   -0.196960 
19.175000   0.995000   -0.169821 
19.240000   0.999000   -0.123447 
19.305000   1.003000   -0.060441 
19.370000   1.007000   0.010420 
19.435000   1.012000   0.081210 
19.500000   1.021000   0.138021 
19.565000   1.022000   0.178181 
19.630000   1.023000   0.201830 
19.695000   1.023000   0.207118 
19.760000   1.021000   0.191288 
19.825000   1.016000   0.156085 
19.890000   1.010000   0.102782 
19.955000   1.015000   0.036128 
20.020000   1.015000   0.036128 
20.085000   0.992000   -0.102974 
20.150000   0.982000   -0.155788 
20.215000   0.976000   -0.189508 
20.280000   0.972000   -0.206595 
20.345000   0.971000   -0.206787 
20.410000   0.979000   -0.185651 
20.475000   0.984000   -0.144321 
20.540000   0.984000   -0.144321 
20.605000   0.992000   -0.019809 
20.670000   0.996000   0.049602 
20.735000   1.003000   0.112364 
20.800000   1.008000   0.162019 
20.865000   1.013000   0.192667 
20.930000   1.017000   0.207432 
20.995000   1.016000   0.201219 
21.060000   1.016000   0.172665 
21.125000   1.013000   0.123622 
21.190000   1.011000   0.058399 
21.255000   1.005000   -0.012898 
21.320000   1.000000   -0.081943 
21.385000   0.995000   -0.138771 
21.450000   0.988000   -0.177378 
21.515000   0.988000   -0.199055 
21.580000   0.985000   -0.206158 
21.645000   0.989000   -0.202755 
21.710000   0.988000   -0.194185 
21.775000   0.993000   -0.173992 
21.840000   0.992000   -0.121196 
21.905000   0.992000   -0.041975 
21.970000   0.998000   0.043249 
22.035000   1.002000   0.113220 
22.100000   1.008000   0.164218 
22.165000   1.017000   0.193993 
22.230000   1.020000   0.202214 
22.295000   1.020000   0.184220 
22.360000   1.019000   0.143536 
22.425000   1.015000   0.086272 
22.490000   1.010000   0.019809 
22.555000   1.004000   -0.049061 
22.620000   0.998000   -0.110322 
22.685000   0.994000   -0.155038 
22.750000   0.991000   -0.183434 
22.815000   0.990000   -0.198130 
22.880000   0.991000   -0.191794 
22.945000   0.994000   -0.162159 
23.010000   0.997000   -0.113935 
23.075000   0.998000   -0.051138 
23.140000   1.004000   0.015411 
23.205000   1.009000   0.077929 
23.270000   1.014000   0.129434 
23.335000   1.017000   0.168389 
23.400000   1.016000   0.190939 
23.465000   1.016000   0.197205 
23.530000   1.014000   0.184830 
23.595000   1.011000   0.151163 
23.660000   1.008000   0.098332 
23.725000   1.003000   0.032428 
23.790000   0.997000   -0.036338 
23.855000   0.991000   -0.100496 
23.920000   0.986000   -0.149714 
23.985000   0.984000   -0.180694 
24.050000   0.983000   -0.198444 
24.115000   0.983000   -0.198025 
24.180000   0.987000   -0.175336 
24.245000   0.992000   -0.131214 
24.310000   0.995000   -0.072920 
24.375000   1.001000   -0.005707 
24.440000   1.006000   0.061436 
24.505000   1.009000   0.120201 
24.570000   1.017000   0.163468 
24.635000   1.019000   0.190555 
24.700000   1.019000   0.202161 
24.765000   1.018000   0.191585 
24.830000   1.017000   0.160326 
24.895000   1.013000   0.110654 
24.960000   1.009000   0.046583 
25.025000   1.005000   -0.023161 
25.090000   0.997000   -0.088296 
25.155000   0.992000   -0.140255 
25.220000   0.987000   -0.175493 
25.285000   0.983000   -0.195180 
25.350000   0.987000   -0.196856 
25.415000   0.991000   -0.179455 
25.480000   0.995000   -0.142646 
25.545000   1.004000   -0.089466 
25.610000   1.009000   -0.026337 
25.675000   1.012000   0.042010 
25.740000   1.015000   0.102259 
25.805000   1.021000   0.147986 
25.870000   1.023000   0.180345 
25.935000   1.023000   0.196227 
26.000000   1.023000   0.192597 
26.065000   1.018000   0.167517 
26.130000   1.010000   0.123918 
26.195000   1.006000   0.067492 
26.260000   0.995000   0.003700 
26.325000   0.988000   -0.062099 
26.390000   0.980000   -0.118560 
26.455000   0.973000   -0.159453 
26.520000   0.971000   -0.185563 
26.585000   0.969000   -0.195774 
26.650000   0.972000   -0.184691 
26.715000   0.973000   -0.153589 
26.780000   0.981000   -0.105558 
26.845000   0.986000   -0.044174 
26.910000   0.989000   0.021904 
26.975000   0.999000   0.085504 
27.040000   1.002000   0.136153 
27.105000   1.003000   0.172299 
27.170000   1.008000   0.192283 
27.235000   1.009000   0.193243 
27.300000   1.007000   0.173713 
27.365000   1.002000   0.134774 
27.430000   0.999000   0.082135 
27.495000   0.992000   0.021729 
27.560000   0.987000   -0.043284 
27.625000   0.982000   -0.104266 
27.690000   0.976000   -0.152489 
27.755000   0.973000   -0.185389 
27.820000   0.974000   -0.199125 
27.885000   0.975000   -0.192894 
27.950000   0.978000   -0.166906 
28.015000   0.981000   -0.122313 
28.080000   0.986000   -0.063478 
28.145000   0.992000   0.002112 
28.210000   0.996000   0.067736 
28.275000   1.000000   0.121684 
28.340000   1.005000   0.163118 
28.405000   1.012000   0.188670 
28.470000   1.014000   0.196995 
28.535000   1.015000   0.185651 
28.600000   1.013000   0.155317 
28.665000   1.008000   0.109799 
28.730000   1.002000   0.052028 
28.795000   0.996000   -0.016476 
28.860000   0.989000   -0.085242 
28.925000   0.982000   -0.143152 
28.990000   0.982000   -0.143152 
29.055000   0.974000   -0.206874 
29.120000   0.972000   -0.209003 
29.185000   0.971000   -0.191201 
29.250000   0.978000   -0.153013 
29.315000   0.979000   -0.095661 
29.380000   0.983000   -0.025482 
29.445000   0.987000   0.047229 
29.510000   0.995000   0.111701 
29.575000   0.998000   0.159191 
29.640000   1.000000   0.189386 
29.705000   1.004000   0.202371 
29.770000   1.005000   0.194849 
29.835000   1.004000   0.167604 
29.900000   1.001000   0.121248 
29.965000   0.996000   0.059970 
30.030000   0.991000   -0.009687 
30.095000   0.983000   -0.077528 
30.160000   0.980000   -0.134617 
30.225000   0.977000   -0.174306 
30.290000   0.977000   -0.197536 
30.355000   0.977000   -0.202772 
30.420000   0.979000   -0.188269 
30.485000   0.985000   -0.155195 
30.550000   0.993000   -0.105435 
30.615000   1.001000   -0.040911 
30.680000   1.005000   0.028100 
30.745000   1.011000   0.093026 
30.810000   1.017000   0.145316 
30.875000   1.022000   0.181898 
30.940000   1.022000   0.200940 
31.005000   1.022000   0.201062 
31.070000   1.022000   0.181008 
31.135000   1.023000   0.140639 
31.200000   1.021000   0.082676 
31.265000   1.016000   0.013579 
31.330000   1.008000   -0.055851 
31.395000   1.002000   -0.117042 
31.460000   0.995000   -0.161146 
31.525000   0.992000   -0.187396 
31.590000   0.987000   -0.196646 
31.655000   0.971000   -0.201812 
31.720000   0.941000   -0.198898 
31.785000   0.916000   -0.187658 
31.850000   0.882000   -0.169890 
31.915000   0.841000   -0.152367 
31.980000   0.797000   -0.140237 
32.045000   0.748000   -0.133046 
32.110000   0.695000   -0.127723 
32.175000   0.641000   -0.125873 
32.240000   0.641000   -0.125873 
32.305000   0.534000   -0.121457 
32.370000   0.479000   -0.116693 
32.435000   0.424000   -0.114162 
32.500000   0.367000   -0.115401 
32.565000   0.312000   -0.120847 
32.630000   0.312000   -0.130114 
32.695000   0.228000   -0.142017 
32.760000   0.228000   -0.154828 
32.825000   0.228000   -0.164166 
32.890000   0.000000   -0.065572 
32.955000   0.000000   -0.026232 
33.020000   0.000000   -0.010437 
33.085000   0.000000   -0.025953 
33.150000   0.000000   -0.030421 
33.215000   0.000000   -0.030473 
33.280000   0.000000   -0.029828 
33.345000   0.000000   -0.029077 
33.410000   0.000000   -0.028309 
33.475000   0.000000   -0.027419 
33.540000   0.000000   -0.026494 
33.605000   0.000000   -0.025517 
33.670000   0.000000   -0.024836 
33.735000   0.000000   -0.024208 
33.800000   0.000000   -0.023579 
33.865000   0.000000   -0.022969 
33.930000   0.000000   -0.022410 
33.995000   0.000000   -0.021852 
34.060000   0.000000   -0.021084 
34.125000   0.000000   -0.020473 
34.190000   0.000000   -0.019949 
34.255000   0.000000   -0.019949 
34.320000   0.000000   -0.019426 
34.385000   0.000000   -0.018919 
34.450000   0.000000   -0.018448 
34.515000   0.000000   -0.017994 
