0.000000   0.000000   0.000000 
0.065000   0.000000   0.000000 
0.130000   0.000000   0.000000 
0.195000   0.000000   0.000000 
0.260000   0.000000   0.000000 
0.325000   0.000000   0.000000 
0.390000   0.000000   0.000000 
0.455000   0.000000   0.000000 
0.520000   0.000000   0.000000 
0.585000   0.000000   0.000000 
0.650000   0.000000   0.000000 
0.715000   0.000000   0.006004 
0.780000   0.000000   0.005986 
0.845000   0.000000   0.005986 
0.910000   0.000000   0.005969 
0.975000   0.000000   0.005742 
1.040000   0.000000   0.005725 
1.105000   0.000000   0.005725 
1.170000   0.000000   0.005742 
1.235000   0.000000   0.005742 
1.300000   0.000000   0.005760 
1.365000   0.000000   0.005742 
1.430000   0.000000   -0.000192 
1.495000   0.000000   -0.000332 
1.560000   0.000000   -0.000419 
1.625000   0.000000   -0.000541 
1.690000   0.000000   -0.000803 
1.755000   0.000000   -0.000890 
1.820000   0.000000   -0.000977 
1.885000   0.000000   -0.001065 
1.950000   0.000000   -0.001152 
2.015000   0.000000   -0.001187 
2.080000   0.000000   -0.001239 
2.145000   0.000000   -0.001292 
2.210000   0.000000   -0.001361 
2.275000   0.000000   -0.001414 
2.340000   0.000000   -0.001466 
2.405000   0.000000   -0.001553 
2.470000   0.000000   -0.001676 
2.535000   0.000000   -0.001728 
2.600000   0.000000   -0.001798 
2.665000   0.000000   -0.001850 
2.730000   0.000000   -0.001885 
2.795000   0.000000   -0.001920 
2.860000   0.000000   -0.001780 
2.925000   0.000000   -0.001693 
2.990000   0.000000   -0.001571 
3.055000   0.000000   -0.001676 
3.120000   0.000000   -0.001588 
3.185000   0.000000   -0.001449 
3.250000   0.000000   -0.001326 
3.315000   0.000000   -0.001292 
3.380000   0.000000   -0.001571 
3.445000   0.000000   -0.001728 
3.510000   0.000000   -0.001309 
3.575000   0.000000   -0.002234 
3.640000   0.000000   -0.000908 
3.705000   0.000000   -0.001972 
3.770000   0.000000   -0.001972 
3.835000   0.000000   -0.001553 
3.900000   0.000000   -0.002775 
3.965000   0.000000   -0.001902 
4.030000   0.000000   -0.003072 
4.095000   0.000000   -0.002478 
4.160000   0.000000   -0.002793 
4.225000   0.000000   -0.002723 
4.290000   0.000000   -0.002653 
4.355000   0.000000   -0.002461 
4.420000   0.000000   -0.004800 
4.485000   0.000000   -0.006667 
4.550000   0.000000   -0.005986 
4.615000   0.000000   -0.006458 
4.680000   0.000000   -0.005672 
4.745000   0.000000   -0.006109 
4.810000   0.000000   -0.004171 
4.875000   0.000000   -0.001379 
4.940000   0.000000   -0.003037 
5.005000   0.000000   -0.000716 
5.070000   0.000000   -0.001379 
5.135000   0.000000   -0.002583 
5.200000   0.000000   -0.001449 
5.265000   0.000000   -0.001606 
5.330000   0.000000   -0.005515 
5.395000   0.000000   -0.008325 
5.460000   0.000000   -0.006039 
5.525000   0.000000   0.005550 
5.590000   0.000000   0.015900 
5.655000   0.000000   0.023736 
5.720000   0.000000   0.030159 
5.785000   0.314000   0.034540 
5.850000   0.356000   0.038467 
5.915000   0.414000   0.038642 
5.980000   0.460000   0.034976 
6.045000   0.503000   0.027995 
6.110000   0.538000   0.019495 
6.175000   0.571000   0.011694 
6.240000   0.592000   0.003875 
6.305000   0.609000   0.000401 
6.370000   0.626000   -0.002967 
6.435000   0.640000   -0.005009 
6.500000   0.653000   -0.005236 
6.565000   0.663000   -0.005864 
6.630000   0.663000   -0.005864 
6.695000   0.691000   -0.004538 
6.760000   0.707000   -0.002810 
6.825000   0.707000   -0.002810 
6.890000   0.734000   0.001100 
6.955000   0.750000   0.003176 
7.020000   0.764000   0.004485 
7.085000   0.764000   0.004957 
7.150000   0.792000   0.005411 
7.215000   0.805000   0.004922 
7.280000   0.820000   0.003997 
7.345000   0.820000   0.003997 
7.410000   0.850000   0.004171 
7.475000   0.861000   0.004555 
7.540000   0.870000   0.005341 
7.605000   0.880000   0.005463 
7.670000   0.890000   0.005463 
7.735000   0.897000   0.004485 
7.800000   0.907000   0.003752 
7.865000   0.916000   0.003613 
7.930000   0.922000   0.001606 
7.995000   0.929000   0.000593 
8.060000   0.933000   0.000611 
8.125000   0.937000   0.000070 
8.190000   0.941000   -0.000157 
8.255000   0.941000   -0.000157 
8.320000   0.951000   -0.000175 
8.385000   0.958000   -0.001414 
8.450000   0.958000   -0.001414 
8.515000   0.960000   -0.000192 
8.580000   0.961000   0.000628 
8.645000   0.960000   0.002967 
8.710000   0.963000   0.004817 
8.775000   0.963000   0.004817 
8.840000   0.964000   0.006318 
8.905000   0.966000   0.006615 
8.970000   0.965000   0.006720 
9.035000   0.966000   0.007226 
9.100000   0.968000   0.007889 
9.165000   0.968000   0.008901 
9.230000   0.969000   0.009407 
9.295000   0.969000   0.008796 
9.360000   0.969000   0.007662 
9.425000   0.973000   0.006545 
9.490000   0.978000   0.005428 
9.555000   0.981000   0.004136 
9.620000   0.981000   0.004520 
9.685000   0.982000   0.003944 
9.750000   0.985000   0.003281 
9.815000   0.986000   0.003037 
9.880000   0.994000   0.003718 
9.945000   0.996000   0.004520 
10.010000   0.996000   0.006510 
10.075000   0.995000   0.006824 
10.140000   0.994000   0.007592 
10.205000   0.994000   0.008622 
10.270000   0.995000   0.007156 
10.335000   0.994000   -0.010961 
10.400000   0.996000   -0.017139 
10.465000   0.998000   0.011764 
10.530000   1.001000   0.042394 
10.595000   1.007000   0.033249 
10.660000   1.007000   -0.007069 
10.725000   1.004000   -0.021991 
10.790000   1.004000   -0.021991 
10.855000   1.001000   0.035552 
10.920000   1.003000   0.020263 
10.985000   1.002000   -0.020001 
11.050000   0.999000   -0.025011 
11.115000   1.001000   0.011153 
11.180000   1.001000   0.032376 
11.245000   1.002000   0.010629 
11.310000   1.000000   -0.024522 
11.375000   0.995000   -0.026354 
11.440000   0.995000   0.011676 
11.505000   0.993000   0.031241 
11.570000   0.991000   0.004660 
11.635000   0.988000   -0.027175 
11.700000   0.984000   -0.021555 
11.765000   0.984000   0.014800 
11.830000   0.980000   0.024138 
11.895000   0.979000   -0.010699 
11.960000   0.976000   -0.038031 
12.025000   0.973000   -0.022026 
12.090000   0.970000   0.013073 
12.155000   0.972000   0.015708 
12.220000   0.972000   -0.020089 
12.285000   0.969000   -0.040701 
12.350000   0.967000   -0.017087 
12.415000   0.968000   0.018186 
12.480000   0.968000   0.019600 
12.545000   0.968000   -0.014259 
12.610000   0.969000   -0.027122 
12.675000   0.969000   0.002025 
12.740000   0.969000   0.030194 
12.805000   0.974000   0.018012 
12.870000   0.974000   -0.018204 
12.935000   0.975000   -0.024679 
13.000000   0.974000   0.011816 
13.065000   0.979000   0.040143 
13.130000   0.981000   0.022864 
13.195000   0.983000   -0.013038 
13.260000   0.982000   -0.016982 
13.325000   0.983000   0.018850 
13.390000   0.984000   0.039689 
13.455000   0.985000   0.013823 
13.520000   0.985000   -0.022026 
13.585000   0.986000   -0.020211 
13.650000   0.984000   0.014765 
13.715000   0.985000   0.027698 
13.780000   0.988000   -0.004259 
13.845000   0.988000   -0.034784 
13.910000   0.985000   -0.023178 
13.975000   0.986000   0.013544 
14.040000   0.988000   0.021537 
14.105000   0.989000   -0.012793 
14.170000   0.988000   -0.037193 
14.235000   0.990000   -0.016493 
14.300000   0.991000   0.018954 
14.365000   0.996000   0.019949 
14.430000   0.997000   -0.014905 
14.495000   0.999000   -0.031468 
14.560000   0.997000   -0.003299 
14.625000   0.998000   0.028780 
14.690000   1.000000   0.022864 
14.755000   1.001000   -0.012549 
14.820000   1.000000   -0.024330 
14.885000   1.002000   0.008151 
14.950000   1.002000   0.008151 
15.015000   1.006000   0.019740 
15.080000   1.005000   -0.016930 
15.145000   1.002000   -0.022724 
15.210000   1.003000   0.010804 
15.275000   1.003000   0.033109 
15.340000   1.006000   0.009756 
15.405000   1.004000   -0.026546 
15.470000   1.001000   -0.027611 
15.535000   1.002000   0.007837 
15.600000   1.003000   0.026232 
15.665000   1.002000   -0.001047 
15.730000   1.004000   -0.032132 
15.795000   1.002000   -0.022585 
15.860000   1.003000   0.013614 
15.925000   1.003000   0.026756 
15.990000   1.003000   -0.003246 
16.055000   1.004000   -0.030212 
16.120000   1.001000   -0.013177 
16.185000   1.001000   0.027210 
16.250000   1.005000   0.038624 
16.315000   1.007000   0.008221 
16.380000   1.009000   -0.014364 
16.445000   1.009000   0.005184 
16.510000   1.009000   0.034540 
16.575000   1.009000   0.027088 
16.640000   1.009000   -0.010821 
16.705000   1.008000   -0.029095 
16.770000   1.008000   -0.000925 
16.835000   1.010000   0.027506 
16.900000   1.011000   0.015743 
16.965000   1.011000   -0.017418 
17.030000   1.013000   -0.027262 
17.095000   1.014000   0.004294 
17.160000   1.020000   0.029985 
17.225000   1.020000   0.012025 
17.290000   1.020000   -0.022759 
17.355000   1.016000   -0.024365 
17.420000   1.014000   0.009495 
17.485000   1.012000   0.027088 
17.550000   1.011000   -0.000628 
17.615000   1.011000   -0.032132 
17.680000   1.012000   -0.025866 
17.745000   1.011000   0.011205 
17.810000   1.011000   0.026058 
17.875000   1.011000   -0.002845 
17.940000   1.009000   -0.035448 
18.005000   1.010000   -0.023911 
18.070000   1.009000   0.011990 
18.135000   1.010000   0.028780 
18.200000   1.012000   0.005323 
18.265000   1.010000   -0.016703 
18.330000   1.007000   0.002985 
18.395000   1.008000   0.034418 
18.460000   1.007000   0.030857 
18.525000   1.008000   -0.006912 
18.590000   1.005000   -0.027000 
18.655000   1.001000   -0.000332 
18.720000   1.002000   0.034296 
18.785000   1.006000   0.025168 
18.850000   1.005000   -0.009948 
18.915000   1.004000   -0.022480 
18.980000   1.004000   0.008063 
19.045000   1.007000   0.036128 
19.110000   1.009000   0.017436 
19.175000   1.009000   -0.021537 
19.240000   1.009000   -0.028431 
19.305000   1.008000   0.005044 
19.370000   1.008000   0.025796 
19.435000   1.009000   0.000297 
19.500000   1.008000   -0.033493 
19.565000   1.005000   -0.029496 
19.630000   1.006000   0.008796 
19.695000   1.005000   0.030229 
19.760000   1.005000   0.004643 
19.825000   1.006000   -0.028658 
19.890000   1.004000   -0.019391 
19.955000   1.002000   0.015132 
20.020000   1.001000   0.026494 
20.085000   1.001000   -0.003176 
20.150000   1.000000   -0.030089 
20.215000   0.998000   -0.012392 
20.280000   0.996000   0.024086 
20.345000   0.998000   0.028082 
20.410000   0.998000   -0.004154 
20.475000   0.996000   -0.025482 
20.540000   0.994000   -0.000820 
20.605000   0.995000   0.033982 
20.670000   0.998000   0.027943 
20.735000   0.998000   -0.008535 
20.800000   0.998000   -0.024784 
20.865000   0.995000   0.004625 
20.930000   0.994000   0.035867 
20.995000   0.994000   0.022061 
21.060000   0.994000   -0.014748 
21.125000   0.993000   -0.025412 
21.190000   0.994000   0.004119 
21.255000   0.996000   0.025045 
21.320000   0.996000   0.002862 
21.385000   0.996000   -0.032969 
21.450000   0.992000   -0.032515 
21.515000   0.991000   0.002077 
21.580000   0.991000   0.021468 
21.645000   0.992000   -0.004747 
21.710000   0.991000   -0.040073 
21.775000   0.991000   -0.031154 
21.840000   0.989000   0.007714 
21.905000   0.989000   0.025133 
21.970000   0.991000   -0.001798 
22.035000   0.992000   -0.033510 
22.100000   0.993000   -0.018431 
22.165000   0.991000   0.020560 
22.230000   0.992000   0.030089 
22.295000   0.994000   0.001833 
22.360000   0.995000   -0.021817 
22.425000   0.993000   -0.000803 
22.490000   0.991000   0.033964 
22.555000   0.990000   0.031346 
22.620000   0.973000   -0.004573 
22.685000   0.947000   -0.060127 
22.750000   0.916000   -0.116064 
22.815000   0.873000   -0.158650 
22.880000   0.832000   -0.182404 
22.945000   0.788000   -0.189264 
23.010000   0.740000   -0.185581 
23.075000   0.691000   -0.180624 
23.140000   0.641000   -0.177814 
23.205000   0.591000   -0.175877 
23.270000   0.540000   -0.174498 
23.335000   0.488000   -0.174009 
23.400000   0.437000   -0.172316 
23.465000   0.382000   -0.168948 
23.530000   0.332000   -0.165440 
23.595000   0.281000   -0.167080 
23.660000   0.242000   -0.176558 
23.725000   0.204000   -0.187082 
23.790000   0.204000   -0.187623 
23.855000   0.204000   -0.180310 
23.920000   0.000000   0.049498 
23.985000   0.000000   0.025499 
24.050000   0.000000   0.041137 
24.115000   0.000000   -0.004468 
24.180000   0.000000   -0.014626 
24.245000   0.000000   -0.014259 
24.310000   0.000000   -0.013945 
24.375000   0.000000   -0.013666 
24.440000   0.000000   -0.013230 
24.505000   0.000000   -0.013055 
24.570000   0.000000   -0.012968 
24.635000   0.000000   -0.012863 
24.700000   0.000000   -0.012689 
24.765000   0.000000   -0.012479 
24.830000   0.000000   -0.012322 
24.895000   0.000000   -0.012060 
24.960000   0.000000   -0.011886 
25.025000   0.000000   -0.011868 
25.090000   0.000000   -0.011816 
25.155000   0.000000   -0.011606 
25.220000   0.000000   -0.011589 
