0.000000   0.000000   0.000000 
0.065000   0.000000   0.000000 
0.130000   0.000000   0.000000 
0.195000   0.000000   0.000000 
0.260000   0.000000   0.000000 
0.325000   0.000000   0.000000 
0.390000   0.000000   0.000000 
0.455000   0.000000   0.000000 
0.520000   0.000000   0.000000 
0.585000   0.000000   0.000000 
0.650000   0.000000   0.000000 
0.715000   0.000000   0.011694 
0.780000   0.000000   0.011886 
0.845000   0.000000   0.011903 
0.910000   0.000000   0.011921 
0.975000   0.000000   0.011921 
1.040000   0.000000   0.012043 
1.105000   0.000000   0.012130 
1.170000   0.000000   0.012095 
1.235000   0.000000   0.012130 
1.300000   0.000000   -0.000017 
1.365000   0.000000   0.000000 
1.430000   0.000000   0.000000 
1.495000   0.000000   -0.000052 
1.560000   0.000000   -0.000035 
1.625000   0.000000   -0.000035 
1.690000   0.000000   -0.000035 
1.755000   0.000000   0.000070 
1.820000   0.000000   0.000087 
1.885000   0.000000   0.000052 
1.950000   0.000000   0.000017 
2.015000   0.000000   0.000000 
2.080000   0.000000   -0.000017 
2.145000   0.000000   -0.000017 
2.210000   0.000000   0.000070 
2.275000   0.000000   0.000105 
2.340000   0.000000   0.000244 
2.405000   0.000000   0.000227 
2.470000   0.000000   0.000384 
2.535000   0.000000   0.000332 
2.600000   0.000000   0.000384 
2.665000   0.000000   0.000349 
2.730000   0.000000   0.000384 
2.795000   0.000000   0.000454 
2.860000   0.000000   0.000401 
2.925000   0.000000   0.000401 
2.990000   0.000000   0.000384 
3.055000   0.000000   0.000401 
3.120000   0.000000   0.000349 
3.185000   0.000000   0.000314 
3.250000   0.000000   0.000297 
3.315000   0.000000   0.000227 
3.380000   0.000000   0.000140 
3.445000   0.000000   0.000140 
3.510000   0.000000   0.000122 
3.575000   0.000000   0.000105 
3.640000   0.000000   -0.000052 
3.705000   0.000000   -0.000017 
3.770000   0.000000   -0.000070 
3.835000   0.000000   -0.000175 
3.900000   0.000000   -0.000314 
3.965000   0.000000   -0.000244 
4.030000   0.000000   -0.000262 
4.095000   0.000000   -0.000035 
4.160000   0.000000   -0.000035 
4.225000   0.000000   -0.000244 
4.290000   0.000000   -0.000157 
4.355000   0.000000   -0.000175 
4.420000   0.000000   -0.000244 
4.485000   0.000000   -0.000471 
4.550000   0.000000   -0.000506 
4.615000   0.000000   -0.000506 
4.680000   0.000000   -0.001047 
4.745000   0.000000   -0.000244 
4.810000   0.000000   0.000122 
4.875000   0.000000   -0.000017 
4.940000   0.000000   -0.000611 
5.005000   0.000000   -0.001414 
5.070000   0.000000   -0.000559 
5.135000   0.000000   -0.000995 
5.200000   0.000000   -0.002862 
5.265000   0.000000   -0.001763 
5.330000   0.000000   0.004276 
5.395000   0.000000   0.019286 
5.460000   0.000000   0.022777 
5.525000   0.000000   0.021066 
5.590000   0.000000   0.012130 
5.655000   0.000000   0.003124 
5.720000   0.000000   0.000628 
5.785000   0.000000   -0.004922 
5.850000   0.000000   -0.006580 
5.915000   0.000000   0.001204 
5.980000   0.000000   0.010420 
6.045000   0.000000   0.023370 
6.110000   0.000000   0.035954 
6.175000   0.312000   0.045693 
6.240000   0.350000   0.049445 
6.305000   0.417000   0.046530 
6.370000   0.476000   0.041696 
6.435000   0.476000   0.033563 
6.500000   0.569000   0.022899 
6.565000   0.605000   0.013282 
6.630000   0.633000   0.003665 
6.695000   0.654000   -0.001187 
6.760000   0.670000   -0.006213 
6.825000   0.682000   -0.007121 
6.890000   0.694000   -0.007645 
6.955000   0.700000   -0.006685 
7.020000   0.700000   -0.006685 
7.085000   0.706000   -0.006196 
7.150000   0.708000   -0.005166 
7.215000   0.713000   -0.004276 
7.280000   0.717000   -0.002234 
7.345000   0.720000   0.001100 
7.410000   0.725000   0.001955 
7.475000   0.731000   0.001501 
7.540000   0.737000   0.001309 
7.605000   0.744000   0.001466 
7.670000   0.750000   0.001134 
7.735000   0.757000   -0.000559 
7.800000   0.757000   -0.001641 
7.865000   0.757000   -0.000070 
7.930000   0.786000   0.001588 
7.995000   0.797000   0.002182 
8.060000   0.808000   0.002793 
8.125000   0.818000   0.003473 
8.190000   0.828000   0.004747 
8.255000   0.841000   0.006702 
8.320000   0.850000   0.007051 
8.385000   0.862000   0.007610 
8.450000   0.873000   0.008988 
8.515000   0.884000   0.009372 
8.580000   0.896000   0.008709 
8.645000   0.906000   0.007767 
8.710000   0.915000   0.005149 
8.775000   0.926000   0.003351 
8.840000   0.934000   0.004381 
8.905000   0.941000   0.005376 
8.970000   0.948000   0.006440 
9.035000   0.958000   0.006702 
9.100000   0.964000   0.007016 
9.165000   0.970000   0.005131 
9.230000   0.974000   0.004119 
9.295000   0.981000   0.004224 
9.360000   0.985000   0.005184 
9.425000   0.989000   0.006213 
9.490000   0.993000   0.005934 
9.555000   0.996000   0.003910 
9.620000   0.999000   0.002566 
9.685000   0.999000   0.001606 
9.750000   1.002000   0.001484 
9.815000   1.004000   0.002478 
9.880000   1.004000   0.003648 
9.945000   1.003000   0.003805 
10.010000   1.004000   0.003264 
10.075000   1.004000   0.001833 
10.140000   1.005000   0.001850 
10.205000   1.003000   0.001710 
10.270000   1.002000   0.001885 
10.335000   1.001000   0.002478 
10.400000   0.997000   0.001431 
10.465000   0.995000   0.000908 
10.530000   0.996000   0.000855 
10.595000   0.995000   0.000838 
10.660000   0.994000   0.001187 
10.725000   0.990000   0.001326 
10.790000   0.990000   0.001518 
10.855000   0.990000   0.001745 
10.920000   0.989000   0.001152 
10.985000   0.991000   0.001012 
11.050000   0.991000   0.001431 
11.115000   0.990000   0.002775 
11.180000   0.991000   0.003368 
11.245000   0.992000   0.003910 
11.310000   0.995000   0.003892 
11.375000   0.995000   0.003962 
11.440000   0.995000   0.003037 
11.505000   0.994000   0.003054 
11.570000   1.000000   0.002531 
11.635000   0.999000   0.002443 
11.700000   0.999000   0.002880 
11.765000   1.001000   0.003526 
11.830000   1.000000   0.003944 
11.895000   1.002000   0.004206 
11.960000   1.003000   0.003752 
12.025000   1.003000   0.004520 
12.090000   1.003000   0.004433 
12.155000   1.003000   0.003159 
12.220000   1.002000   0.002793 
12.285000   1.003000   0.003107 
12.350000   1.002000   0.005969 
12.415000   1.001000   0.014678 
12.480000   1.001000   0.026302 
12.545000   1.000000   0.037717 
12.610000   1.004000   0.044593 
12.675000   1.003000   0.049690 
12.740000   1.001000   0.051801 
12.805000   1.000000   0.052360 
12.870000   0.998000   0.052482 
12.935000   0.996000   0.051697 
13.000000   0.997000   0.050213 
13.065000   0.995000   0.048764 
13.130000   0.997000   0.047962 
13.195000   0.994000   0.046757 
13.260000   0.990000   0.043930 
13.325000   0.986000   0.040945 
13.390000   0.988000   0.040771 
13.455000   0.987000   0.042237 
13.520000   0.987000   0.042237 
13.585000   0.985000   0.043424 
13.650000   0.985000   0.043110 
13.715000   0.986000   0.043197 
13.780000   0.986000   0.042499 
13.845000   0.986000   0.040038 
13.910000   0.993000   0.038083 
13.975000   0.991000   0.036844 
14.040000   0.991000   0.037978 
14.105000   0.990000   0.039322 
14.170000   0.994000   0.039602 
14.235000   0.994000   0.038799 
14.300000   0.994000   0.038799 
14.365000   0.994000   0.038799 
14.430000   0.993000   0.039008 
14.495000   0.995000   0.039322 
14.560000   0.994000   0.039357 
14.625000   0.995000   0.040369 
14.690000   0.994000   0.041539 
14.755000   0.996000   0.043162 
14.820000   0.999000   0.044366 
14.885000   1.001000   0.044663 
14.950000   1.001000   0.044523 
15.015000   1.002000   0.047421 
15.080000   1.003000   0.049096 
15.145000   1.003000   0.049096 
15.210000   1.004000   0.051470 
15.275000   1.011000   0.050999 
15.340000   1.013000   0.051382 
15.405000   1.014000   0.050335 
15.470000   1.013000   0.049114 
15.535000   1.012000   0.046181 
15.600000   1.013000   0.044401 
15.665000   1.012000   0.043895 
15.730000   1.011000   0.044733 
15.795000   1.008000   0.044436 
15.860000   1.010000   0.045169 
15.925000   1.010000   0.044750 
15.990000   1.005000   0.047054 
16.055000   1.002000   0.047194 
16.120000   1.000000   0.049218 
16.185000   0.999000   0.052517 
16.250000   0.996000   0.054088 
16.315000   0.995000   0.054664 
16.380000   0.992000   0.053617 
16.445000   0.989000   0.050894 
16.510000   0.990000   0.049340 
16.575000   0.989000   0.052377 
16.640000   0.992000   0.056426 
16.705000   0.990000   0.056915 
16.770000   0.989000   0.056566 
16.835000   0.990000   0.054786 
16.900000   0.992000   0.054751 
16.965000   0.994000   0.055187 
17.030000   0.994000   0.055187 
17.095000   0.998000   0.055571 
17.160000   0.998000   0.056898 
17.225000   0.999000   0.051470 
17.290000   0.996000   0.049864 
17.355000   0.997000   0.050091 
17.420000   0.997000   0.051871 
17.485000   0.999000   0.051609 
17.550000   1.002000   0.052866 
17.615000   1.002000   0.052709 
17.680000   1.001000   0.050964 
17.745000   1.004000   0.050911 
17.810000   1.002000   0.049393 
17.875000   1.004000   0.048136 
17.940000   1.006000   0.045187 
18.005000   1.006000   0.043179 
18.070000   1.006000   0.043179 
18.135000   1.010000   0.041539 
18.200000   1.014000   0.045082 
18.265000   1.022000   0.051697 
18.330000   1.022000   0.058486 
18.395000   1.022000   0.062256 
18.460000   1.022000   0.062256 
18.525000   1.041000   0.046112 
18.590000   1.049000   0.030072 
18.655000   1.048000   0.020281 
18.720000   1.046000   0.015743 
18.785000   1.041000   0.010838 
18.850000   1.041000   0.003037 
18.915000   1.041000   -0.004643 
18.980000   1.041000   -0.009023 
19.045000   1.041000   -0.008971 
19.110000   1.041000   -0.008971 
19.175000   1.013000   -0.007365 
19.240000   1.007000   -0.010385 
19.305000   1.001000   -0.009879 
19.370000   0.997000   -0.005655 
19.435000   0.996000   -0.000611 
19.500000   0.992000   0.001745 
19.565000   0.988000   0.005428 
19.630000   0.983000   0.011153 
19.695000   0.977000   0.015464 
19.760000   0.972000   0.019059 
19.825000   0.966000   0.020211 
19.890000   0.961000   0.021084 
19.955000   0.958000   0.020298 
20.020000   0.955000   0.019670 
20.085000   0.955000   0.019670 
20.150000   0.949000   0.018396 
20.215000   0.948000   0.020438 
20.280000   0.947000   0.021433 
20.345000   0.947000   0.022288 
20.410000   0.946000   0.022410 
20.475000   0.949000   0.021712 
20.540000   0.951000   0.020228 
20.605000   0.952000   0.019181 
20.670000   0.953000   0.018745 
20.735000   0.956000   0.017087 
20.800000   0.961000   0.017104 
20.865000   0.963000   0.017541 
20.930000   0.964000   0.018797 
20.995000   0.968000   0.014382 
21.060000   0.972000   0.005585 
21.125000   0.976000   -0.006021 
21.190000   0.977000   -0.011903 
21.255000   0.981000   -0.009215 
21.320000   0.983000   -0.002025 
21.385000   0.989000   0.005969 
21.450000   0.991000   0.012217 
21.515000   0.995000   0.016790 
21.580000   0.997000   0.018117 
21.645000   1.002000   0.018239 
21.710000   1.004000   0.019844 
21.775000   1.006000   0.018256 
21.840000   1.009000   0.016668 
21.905000   1.013000   0.014957 
21.970000   1.013000   0.013317 
22.035000   1.014000   0.013910 
22.100000   1.018000   0.015743 
22.165000   1.019000   0.017575 
22.230000   1.021000   0.017680 
22.295000   1.022000   0.017488 
22.360000   1.022000   0.017000 
22.425000   1.022000   0.016354 
22.490000   1.022000   0.010071 
22.555000   1.022000   0.005393 
22.620000   1.022000   0.005498 
22.685000   1.022000   0.007103 
22.750000   1.022000   0.010821 
22.815000   1.022000   0.013561 
22.880000   1.022000   0.015778 
22.945000   1.023000   0.015027 
23.010000   1.022000   0.012776 
23.075000   1.020000   0.013073 
23.140000   1.019000   0.012147 
23.205000   1.016000   0.010489 
23.270000   1.011000   0.008587 
23.335000   1.009000   0.009529 
23.400000   1.006000   0.016773 
23.465000   1.005000   0.014434 
23.530000   1.004000   0.009739 
23.595000   1.001000   0.005847 
23.660000   1.000000   0.004328 
23.725000   0.999000   0.003718 
23.790000   0.996000   0.002635 
23.855000   0.994000   0.002007 
23.920000   0.994000   0.002025 
23.985000   0.994000   0.003002 
24.050000   0.992000   0.004154 
24.115000   0.994000   0.003194 
24.180000   0.994000   0.003700 
24.245000   0.994000   0.004433 
24.310000   0.995000   0.004555 
24.375000   0.994000   0.004573 
24.440000   0.993000   0.003875 
24.505000   0.992000   0.003944 
24.570000   0.992000   0.002531 
24.635000   0.993000   0.003124 
24.700000   0.993000   0.003735 
24.765000   0.992000   0.004555 
24.830000   0.992000   0.006405 
24.895000   0.993000   0.004922 
24.960000   0.993000   0.003962 
25.025000   0.995000   0.003473 
25.090000   0.997000   0.002932 
25.155000   0.996000   0.003403 
25.220000   0.996000   0.003403 
25.285000   0.999000   0.001763 
25.350000   0.997000   0.001553 
25.415000   0.997000   0.001553 
25.480000   1.000000   0.002897 
25.545000   1.001000   0.001361 
25.610000   1.001000   -0.000122 
25.675000   1.000000   -0.000593 
25.740000   1.001000   0.000035 
25.805000   1.002000   0.000000 
25.870000   1.004000   -0.000611 
25.935000   1.004000   -0.001222 
26.000000   1.003000   -0.001187 
26.065000   1.004000   -0.001187 
26.130000   1.005000   -0.001100 
26.195000   1.007000   -0.001100 
26.260000   1.008000   0.000070 
26.325000   1.009000   -0.000471 
26.390000   1.010000   -0.002025 
26.455000   1.009000   -0.002077 
26.520000   1.010000   -0.001030 
26.585000   1.010000   -0.001082 
26.650000   1.010000   -0.001169 
26.715000   1.012000   -0.001047 
26.780000   1.011000   -0.001728 
26.845000   1.014000   -0.000803 
26.910000   1.010000   -0.001850 
26.975000   1.009000   -0.002007 
27.040000   1.009000   -0.001553 
27.105000   1.011000   0.000297 
27.170000   1.011000   0.001309 
27.235000   1.010000   0.001728 
27.300000   1.009000   0.002077 
27.365000   1.009000   0.001484 
27.430000   1.008000   0.002112 
27.495000   1.007000   0.003194 
27.560000   1.009000   0.003194 
27.625000   1.007000   0.001518 
27.690000   1.007000   0.000576 
27.755000   1.005000   -0.000506 
27.820000   1.003000   -0.000838 
27.885000   1.003000   -0.001920 
27.950000   1.002000   -0.001641 
28.015000   1.002000   -0.000977 
28.080000   1.001000   -0.001641 
28.145000   0.999000   -0.001449 
28.210000   1.000000   -0.001012 
28.275000   0.991000   -0.001501 
28.340000   0.971000   -0.003665 
28.405000   0.937000   -0.007121 
28.470000   0.912000   -0.010350 
28.535000   0.878000   -0.013282 
28.600000   0.833000   -0.015882 
28.665000   0.833000   -0.015882 
28.730000   0.739000   -0.017174 
28.795000   0.688000   -0.014957 
28.860000   0.688000   -0.014957 
28.925000   0.688000   -0.014957 
28.990000   0.636000   -0.011641 
29.055000   0.585000   -0.008255 
29.120000   0.532000   -0.004363 
29.185000   0.481000   -0.002705 
29.250000   0.429000   0.000524 
29.315000   0.378000   0.009756 
29.380000   0.329000   0.016703 
29.445000   0.285000   0.023527 
29.510000   0.247000   0.036547 
29.575000   0.208000   0.043145 
29.640000   0.208000   0.051609 
29.705000   0.174000   0.024522 
29.770000   0.000000   0.025307 
29.835000   0.000000   0.025307 
29.900000   0.000000   -0.004887 
29.965000   0.000000   -0.004433 
30.030000   0.000000   -0.004224 
30.095000   0.000000   -0.004276 
30.160000   0.000000   -0.004346 
30.225000   0.000000   -0.004346 
30.290000   0.000000   -0.004328 
30.355000   0.000000   -0.004224 
30.420000   0.000000   -0.004119 
30.485000   0.000000   -0.004049 
30.550000   0.000000   -0.003875 
30.615000   0.000000   -0.003700 
30.680000   0.000000   -0.003403 
30.745000   0.000000   -0.003281 
30.810000   0.000000   -0.003142 
30.875000   0.000000   -0.003037 
30.940000   0.000000   -0.002932 
31.005000   0.000000   -0.002793 
