0.000000   0.000000 
0.065000   0.000000 
0.130000   0.000000 
0.195000   0.000000 
0.260000   0.000000 
0.325000   0.000000 
0.390000   0.000000 
0.455000   0.000000 
0.520000   0.000000 
0.585000   0.000000 
0.650000   0.000000 
0.715000   0.000000 
0.780000   0.000000 
0.845000   0.000000 
0.910000   0.000000 
0.975000   0.000000 
1.040000   0.000000 
1.105000   0.000000 
1.170000   0.000000 
1.235000   0.000000 
1.300000   0.000000 
1.365000   0.000000 
1.430000   0.000000 
1.495000   0.000000 
1.560000   0.000000 
1.625000   0.000000 
1.690000   0.000000 
1.755000   0.000000 
1.820000   0.000000 
1.885000   0.000000 
1.950000   0.000000 
2.015000   0.000000 
2.080000   0.000000 
2.145000   0.000000 
2.210000   0.000000 
2.275000   0.000000 
2.340000   0.000000 
2.405000   0.000000 
2.470000   0.000000 
2.535000   0.000000 
2.600000   0.000000 
2.665000   0.000000 
2.730000   0.000000 
2.795000   0.000000 
2.860000   0.000000 
2.925000   0.000000 
2.990000   0.000000 
3.055000   0.000000 
3.120000   0.000000 
3.185000   0.000000 
3.250000   0.000000 
3.315000   0.000000 
3.380000   0.000000 
3.445000   0.000000 
3.510000   0.000000 
3.575000   0.000000 
3.640000   0.000000 
3.705000   0.000000 
3.770000   0.000000 
3.835000   0.000000 
3.900000   0.000000 
3.965000   0.000000 
4.030000   0.000000 
4.095000   0.000000 
4.160000   0.000000 
4.225000   0.000000 
4.290000   0.000000 
4.355000   0.000000 
4.420000   0.000000 
4.485000   0.000000 
4.550000   0.000000 
4.615000   0.000000 
4.680000   0.000000 
4.745000   0.000000 
4.810000   0.000000 
4.875000   0.000000 
4.940000   0.000000 
5.005000   0.000000 
5.070000   0.000000 
5.135000   0.000000 
5.200000   0.000000 
5.265000   0.000000 
5.330000   0.000000 
5.395000   0.000000 
5.460000   0.000000 
5.525000   0.000000 
5.590000   0.000000 
5.655000   0.000000 
5.720000   0.292000 
5.785000   0.338000 
5.850000   0.385000 
5.915000   0.444000 
5.980000   0.496000 
6.045000   0.540000 
6.110000   0.582000 
6.175000   0.614000 
6.240000   0.641000 
6.305000   0.662000 
6.370000   0.680000 
6.435000   0.696000 
6.500000   0.710000 
6.565000   0.721000 
6.630000   0.732000 
6.695000   0.743000 
6.760000   0.753000 
6.825000   0.760000 
6.890000   0.760000 
6.955000   0.760000 
7.020000   0.786000 
7.085000   0.796000 
7.150000   0.807000 
7.215000   0.816000 
7.280000   0.826000 
7.345000   0.835000 
7.410000   0.843000 
7.475000   0.856000 
7.540000   0.862000 
7.605000   0.869000 
7.670000   0.877000 
7.735000   0.885000 
7.800000   0.893000 
7.865000   0.900000 
7.930000   0.907000 
7.995000   0.915000 
8.060000   0.922000 
8.125000   0.927000 
8.190000   0.934000 
8.255000   0.939000 
8.320000   0.942000 
8.385000   0.947000 
8.450000   0.950000 
8.515000   0.954000 
8.580000   0.959000 
8.645000   0.962000 
8.710000   0.965000 
8.775000   0.967000 
8.840000   0.968000 
8.905000   0.973000 
8.970000   0.974000 
9.035000   0.976000 
9.100000   0.977000 
9.165000   0.979000 
9.230000   0.982000 
9.295000   0.983000 
9.360000   0.984000 
9.425000   0.983000 
9.490000   0.984000 
9.555000   0.986000 
9.620000   0.987000 
9.685000   0.989000 
9.750000   0.990000 
9.815000   0.993000 
9.880000   0.991000 
9.945000   0.992000 
10.010000   0.990000 
10.075000   0.992000 
10.140000   0.992000 
10.205000   0.992000 
10.270000   0.992000 
10.335000   0.992000 
10.400000   0.995000 
10.465000   0.994000 
10.530000   0.994000 
10.595000   0.997000 
10.660000   0.998000 
10.725000   0.997000 
10.790000   0.995000 
10.855000   0.994000 
10.920000   0.996000 
10.985000   0.998000 
11.050000   0.997000 
11.115000   1.000000 
11.180000   0.997000 
11.245000   0.997000 
11.310000   0.992000 
11.375000   0.990000 
11.440000   0.987000 
11.505000   0.987000 
11.570000   0.986000 
11.635000   0.984000 
11.700000   0.984000 
11.765000   0.984000 
11.830000   0.986000 
11.895000   0.986000 
11.960000   0.986000 
12.025000   0.989000 
12.090000   0.988000 
12.155000   0.987000 
12.220000   0.987000 
12.285000   0.987000 
12.350000   0.988000 
12.415000   0.986000 
12.480000   0.986000 
12.545000   0.986000 
12.610000   0.989000 
12.675000   0.989000 
12.740000   0.988000 
12.805000   0.988000 
12.870000   0.988000 
12.935000   0.986000 
13.000000   0.987000 
13.065000   0.989000 
13.130000   0.989000 
13.195000   0.994000 
13.260000   0.996000 
13.325000   0.998000 
13.390000   0.998000 
13.455000   1.002000 
13.520000   1.004000 
13.585000   1.007000 
13.650000   1.007000 
13.715000   1.007000 
13.780000   1.007000 
13.845000   1.007000 
13.910000   1.007000 
13.975000   1.008000 
14.040000   1.006000 
14.105000   1.005000 
14.170000   1.003000 
14.235000   1.002000 
14.300000   1.004000 
14.365000   1.004000 
14.430000   1.003000 
14.495000   1.004000 
14.560000   1.007000 
14.625000   1.006000 
14.690000   1.004000 
14.755000   1.002000 
14.820000   0.999000 
14.885000   0.997000 
14.950000   0.997000 
15.015000   0.997000 
15.080000   0.997000 
15.145000   0.997000 
15.210000   0.998000 
15.275000   0.999000 
15.340000   1.002000 
15.405000   1.004000 
15.470000   1.011000 
15.535000   1.020000 
15.600000   1.020000 
15.665000   1.062000 
15.730000   1.083000 
15.795000   1.103000 
15.860000   1.125000 
15.925000   1.150000 
15.990000   1.172000 
16.055000   1.195000 
16.120000   1.220000 
16.185000   1.244000 
16.250000   1.267000 
16.315000   1.267000 
16.380000   1.310000 
16.445000   1.333000 
16.510000   1.353000 
16.575000   1.371000 
16.640000   1.390000 
16.705000   1.405000 
16.770000   1.418000 
16.835000   1.429000 
16.900000   1.441000 
16.965000   1.452000 
17.030000   1.463000 
17.095000   1.471000 
17.160000   1.478000 
17.225000   1.485000 
17.290000   1.489000 
17.355000   1.494000 
17.420000   1.498000 
17.485000   1.500000 
17.550000   1.502000 
17.615000   1.504000 
17.680000   1.503000 
17.745000   1.502000 
17.810000   1.501000 
17.875000   1.503000 
17.940000   1.503000 
18.005000   1.500000 
18.070000   1.496000 
18.135000   1.493000 
18.200000   1.492000 
18.265000   1.489000 
18.330000   1.485000 
18.395000   1.487000 
18.460000   1.489000 
18.525000   1.487000 
18.590000   1.487000 
18.655000   1.488000 
18.720000   1.487000 
18.785000   1.487000 
18.850000   1.486000 
18.915000   1.488000 
18.980000   1.488000 
19.045000   1.484000 
19.110000   1.484000 
19.175000   1.484000 
19.240000   1.484000 
19.305000   1.480000 
19.370000   1.478000 
19.435000   1.475000 
19.500000   1.475000 
19.565000   1.477000 
19.630000   1.476000 
19.695000   1.474000 
19.760000   1.472000 
19.825000   1.470000 
19.890000   1.467000 
19.955000   1.465000 
20.020000   1.463000 
20.085000   1.463000 
20.150000   1.462000 
20.215000   1.464000 
20.280000   1.465000 
20.345000   1.464000 
20.410000   1.464000 
20.475000   1.463000 
20.540000   1.466000 
20.605000   1.469000 
20.670000   1.471000 
20.735000   1.473000 
20.800000   1.476000 
20.865000   1.478000 
20.930000   1.480000 
20.995000   1.482000 
21.060000   1.485000 
21.125000   1.489000 
21.190000   1.490000 
21.255000   1.492000 
21.320000   1.492000 
21.385000   1.493000 
21.450000   1.494000 
21.515000   1.497000 
21.580000   1.500000 
21.645000   1.501000 
21.710000   1.502000 
21.775000   1.504000 
21.840000   1.506000 
21.905000   1.506000 
21.970000   1.507000 
22.035000   1.508000 
22.100000   1.507000 
22.165000   1.509000 
22.230000   1.509000 
22.295000   1.507000 
22.360000   1.506000 
22.425000   1.505000 
22.490000   1.504000 
22.555000   1.504000 
22.620000   1.503000 
22.685000   1.503000 
22.750000   1.500000 
22.815000   1.505000 
22.880000   1.505000 
22.945000   1.504000 
23.010000   1.507000 
23.075000   1.506000 
23.140000   1.508000 
23.205000   1.508000 
23.270000   1.508000 
23.335000   1.508000 
23.400000   1.505000 
23.465000   1.506000 
23.530000   1.504000 
23.595000   1.506000 
23.660000   1.504000 
23.725000   1.501000 
23.790000   1.499000 
23.855000   1.500000 
23.920000   1.500000 
23.985000   1.500000 
24.050000   1.473000 
24.115000   1.446000 
24.180000   1.417000 
24.245000   1.377000 
24.310000   1.337000 
24.375000   1.337000 
24.440000   1.244000 
24.505000   1.196000 
24.570000   1.196000 
24.635000   1.102000 
24.700000   1.057000 
24.765000   1.008000 
24.830000   0.962000 
24.895000   0.912000 
24.960000   0.862000 
25.025000   0.862000 
25.090000   0.862000 
25.155000   0.765000 
25.220000   0.719000 
25.285000   0.672000 
25.350000   0.623000 
25.415000   0.576000 
25.480000   0.576000 
25.545000   0.477000 
25.610000   0.426000 
25.675000   0.376000 
25.740000   0.327000 
25.805000   0.281000 
25.870000   0.235000 
25.935000   0.235000 
26.000000   0.235000 
26.065000   0.235000 
26.130000   0.235000 
26.195000   0.235000 
26.260000   0.000000 
26.325000   0.000000 
26.390000   0.000000 
26.455000   0.000000 
26.520000   0.000000 
26.585000   0.000000 
26.650000   0.000000 
26.715000   0.000000 
26.780000   0.000000 
26.845000   0.000000 
26.910000   0.000000 
26.975000   0.000000 
27.040000   0.000000 
27.105000   0.000000 
27.170000   0.000000 
27.235000   0.000000 
27.300000   0.000000 
27.365000   0.000000 
27.430000   0.000000 
27.495000   0.000000 
27.560000   0.000000 
27.625000   0.000000 
27.690000   0.000000 
27.755000   0.000000 
27.820000   0.000000 
27.885000   0.000000 
27.950000   0.000000 
28.015000   0.000000 
28.080000   0.000000 
28.145000   0.000000 
28.210000   0.000000 
28.275000   0.000000 
