0.000000   0.000000
0.065000   0.000000
0.130000   0.000000
0.195000   0.000000
0.260000   0.000000
0.325000   0.000000
0.390000   0.000000
0.455000   0.000000
0.520000   0.000000
0.585000   0.000000
0.650000   0.000000
0.715000   0.000000
0.780000   0.000000
0.845000   0.000000
0.910000   0.000000
0.975000   0.000000
1.040000   0.000000
1.105000   0.000000
1.170000   0.000000
1.235000   0.000000
1.300000   0.000000
1.365000   0.000000
1.430000   0.000000
1.495000   0.000000
1.560000   0.000000
1.625000   0.000000
1.690000   0.000000
1.755000   0.000000
1.820000   0.000000
1.885000   0.000000
1.950000   0.000000
2.015000   0.000000
2.080000   0.000000
2.145000   0.000000
2.210000   0.000000
2.275000   0.000000
2.340000   0.000000
2.405000   0.000000
2.470000   0.000000
2.535000   0.000000
2.600000   0.000000
2.665000   0.000000
2.730000   0.000000
2.795000   0.000000
2.860000   0.000000
2.925000   0.000000
2.990000   0.000000
3.055000   0.000000
3.120000   0.000000
3.185000   0.000000
3.250000   0.000000
3.315000   0.000000
3.380000   0.000000
3.445000   0.000000
3.510000   0.000000
3.575000   0.000000
3.640000   0.000000
3.705000   0.000000
3.770000   0.000000
3.835000   0.000000
3.900000   0.000000
3.965000   0.000000
4.030000   0.000000
4.095000   0.000000
4.160000   0.000000
4.225000   0.000000
4.290000   0.000000
4.355000   0.000000
4.420000   0.000000
4.485000   0.000000
4.550000   0.000000
4.615000   0.000000
4.680000   0.000000
4.745000   0.000000
4.810000   0.000000
4.875000   0.000000
4.940000   0.000000
5.005000   0.000000
5.070000   0.000000
5.135000   0.000000
5.200000   0.000000
5.265000   0.000000
5.330000   0.000000
5.395000   0.000000
5.460000   0.000000
5.525000   0.000000
5.590000   0.000000
5.655000   0.000000
5.720000   0.000000
5.785000   0.000000
5.850000   0.283000
5.915000   0.314000
5.980000   0.365000
6.045000   0.419000
6.110000   0.465000
6.175000   0.465000
6.240000   0.555000
6.305000   0.593000
6.370000   0.628000
6.435000   0.664000
6.500000   0.696000
6.565000   0.728000
6.630000   0.764000
6.695000   0.795000
6.760000   0.830000
6.825000   0.864000
6.890000   0.900000
6.955000   0.935000
7.020000   0.971000
7.085000   0.999000
7.150000   0.999000
7.215000   1.050000
7.280000   1.072000
7.345000   1.089000
7.410000   1.107000
7.475000   1.120000
7.540000   1.130000
7.605000   1.134000
7.670000   1.135000
7.735000   1.132000
7.800000   1.123000
7.865000   1.121000
7.930000   1.112000
7.995000   1.097000
8.060000   1.084000
8.125000   1.067000
8.190000   1.047000
8.255000   1.047000
8.320000   1.008000
8.385000   0.989000
8.450000   0.971000
8.515000   0.952000
8.580000   0.935000
8.645000   0.919000
8.710000   0.907000
8.775000   0.895000
8.840000   0.885000
8.905000   0.877000
8.970000   0.873000
9.035000   0.872000
9.100000   0.875000
9.165000   0.875000
9.230000   0.888000
9.295000   0.897000
9.360000   0.909000
9.425000   0.909000
9.490000   0.940000
9.555000   0.959000
9.620000   0.976000
9.685000   0.990000
9.750000   1.005000
9.815000   1.017000
9.880000   1.017000
9.945000   1.044000
10.010000   1.053000
10.075000   1.063000
10.140000   1.072000
10.205000   1.078000
10.270000   1.081000
10.335000   1.085000
10.400000   1.086000
10.465000   1.085000
10.530000   1.083000
10.595000   1.078000
10.660000   1.073000
10.725000   1.068000
10.790000   1.061000
10.855000   1.052000
10.920000   1.041000
10.985000   1.041000
11.050000   1.023000
11.115000   1.013000
11.180000   1.004000
11.245000   0.995000
11.310000   0.985000
11.375000   0.978000
11.440000   0.971000
11.505000   0.965000
11.570000   0.961000
11.635000   0.959000
11.700000   0.956000
11.765000   0.956000
11.830000   0.957000
11.895000   0.960000
11.960000   0.962000
12.025000   0.965000
12.090000   0.970000
12.155000   0.974000
12.220000   0.981000
12.285000   0.987000
12.350000   0.993000
12.415000   0.999000
12.480000   1.005000
12.545000   1.012000
12.610000   1.019000
12.675000   1.021000
12.740000   1.021000
12.805000   1.021000
12.870000   1.021000
12.935000   1.021000
13.000000   1.021000
13.065000   1.021000
13.130000   1.021000
13.195000   1.021000
13.260000   1.021000
13.325000   1.021000
13.390000   1.015000
13.455000   1.012000
13.520000   1.007000
13.585000   1.006000
13.650000   1.006000
13.715000   1.003000
13.780000   1.005000
13.845000   1.005000
13.910000   0.998000
13.975000   0.997000
14.040000   0.995000
14.105000   0.994000
14.170000   0.993000
14.235000   0.991000
14.300000   0.987000
14.365000   0.985000
14.430000   0.981000
14.495000   0.981000
14.560000   0.978000
14.625000   0.979000
14.690000   0.977000
14.755000   0.976000
14.820000   0.978000
14.885000   0.980000
14.950000   0.983000
15.015000   0.988000
15.080000   0.989000
15.145000   0.991000
15.210000   0.991000
15.275000   0.991000
15.340000   1.000000
15.405000   1.007000
15.470000   1.019000
15.535000   1.019000
15.600000   1.056000
15.665000   1.079000
15.730000   1.103000
15.795000   1.103000
15.860000   1.155000
15.925000   1.181000
15.990000   1.207000
16.055000   1.234000
16.120000   1.259000
16.185000   1.259000
16.250000   1.306000
16.315000   1.324000
16.380000   1.340000
16.445000   1.352000
16.510000   1.363000
16.575000   1.370000
16.640000   1.373000
16.705000   1.372000
16.770000   1.372000
16.835000   1.365000
16.900000   1.365000
16.965000   1.344000
17.030000   1.332000
17.095000   1.319000
17.160000   1.305000
17.225000   1.305000
17.290000   1.276000
17.355000   1.260000
17.420000   1.242000
17.485000   1.227000
17.550000   1.212000
17.615000   1.202000
17.680000   1.193000
17.745000   1.184000
17.810000   1.179000
17.875000   1.173000
17.940000   1.172000
18.005000   1.171000
18.070000   1.172000
18.135000   1.176000
18.200000   1.180000
18.265000   1.189000
18.330000   1.197000
18.395000   1.207000
18.460000   1.207000
18.525000   1.227000
18.590000   1.237000
18.655000   1.245000
18.720000   1.252000
18.785000   1.261000
18.850000   1.268000
18.915000   1.274000
18.980000   1.274000
19.045000   1.274000
19.110000   1.274000
19.175000   1.296000
19.240000   1.296000
19.305000   1.296000
19.370000   1.296000
19.435000   1.296000
19.500000   1.296000
19.565000   1.296000
19.630000   1.296000
19.695000   1.296000
19.760000   1.296000
19.825000   1.274000
19.890000   1.267000
19.955000   1.259000
20.020000   1.259000
20.085000   1.247000
20.150000   1.240000
20.215000   1.240000
20.280000   1.226000
20.345000   1.224000
20.410000   1.219000
20.475000   1.215000
20.540000   1.215000
20.605000   1.209000
20.670000   1.209000
20.735000   1.209000
20.800000   1.210000
20.865000   1.211000
20.930000   1.213000
20.995000   1.217000
21.060000   1.221000
21.125000   1.225000
21.190000   1.230000
21.255000   1.235000
21.320000   1.241000
21.385000   1.246000
21.450000   1.251000
21.515000   1.257000
21.580000   1.263000
21.645000   1.266000
21.710000   1.269000
21.775000   1.269000
21.840000   1.273000
21.905000   1.275000
21.970000   1.277000
22.035000   1.277000
22.100000   1.277000
22.165000   1.276000
22.230000   1.273000
22.295000   1.269000
22.360000   1.267000
22.425000   1.264000
22.490000   1.259000
22.555000   1.256000
22.620000   1.251000
22.685000   1.248000
22.750000   1.244000
22.815000   1.241000
22.880000   1.238000
22.945000   1.236000
23.010000   1.233000
23.075000   1.231000
23.140000   1.232000
23.205000   1.232000
23.270000   1.229000
23.335000   1.227000
23.400000   1.227000
23.465000   1.229000
23.530000   1.230000
23.595000   1.231000
23.660000   1.235000
23.725000   1.239000
23.790000   1.240000
23.855000   1.242000
23.920000   1.242000
23.985000   1.248000
24.050000   1.251000
24.115000   1.254000
24.180000   1.256000
24.245000   1.259000
24.310000   1.261000
24.375000   1.263000
24.440000   1.264000
24.505000   1.265000
24.570000   1.265000
24.635000   1.266000
24.700000   1.267000
24.765000   1.264000
24.830000   1.266000
24.895000   1.263000
24.960000   1.261000
25.025000   1.262000
25.090000   1.259000
25.155000   1.255000
25.220000   1.254000
25.285000   1.250000
25.350000   1.249000
25.415000   1.248000
25.480000   1.245000
25.545000   1.244000
25.610000   1.243000
25.675000   1.243000
25.740000   1.242000
25.805000   1.243000
25.870000   1.243000
25.935000   1.242000
26.000000   1.243000
26.065000   1.245000
26.130000   1.247000
26.195000   1.248000
26.260000   1.249000
26.325000   1.250000
26.390000   1.252000
26.455000   1.254000
26.520000   1.256000
26.585000   1.257000
26.650000   1.259000
26.715000   1.259000
26.780000   1.259000
26.845000   1.260000
26.910000   1.260000
26.975000   1.263000
27.040000   1.263000
27.105000   1.264000
27.170000   1.263000
27.235000   1.261000
27.300000   1.260000
27.365000   1.257000
27.430000   1.256000
27.495000   1.253000
27.560000   1.251000
27.625000   1.249000
27.690000   1.249000
27.755000   1.247000
27.820000   1.248000
27.885000   1.245000
27.950000   1.243000
28.015000   1.243000
28.080000   1.241000
28.145000   1.243000
28.210000   1.241000
28.275000   1.240000
28.340000   1.239000
28.405000   1.240000
28.470000   1.239000
28.535000   1.240000
28.600000   1.241000
28.665000   1.240000
28.730000   1.238000
28.795000   1.239000
28.860000   1.237000
28.925000   1.237000
28.990000   1.238000
29.055000   1.238000
29.120000   1.240000
29.185000   1.241000
29.250000   1.243000
29.315000   1.245000
29.380000   1.247000
29.445000   1.246000
29.510000   1.246000
29.575000   1.248000
29.640000   1.249000
29.705000   1.249000
29.770000   1.248000
29.835000   1.248000
29.900000   1.250000
29.965000   1.249000
30.030000   1.249000
30.095000   1.249000
30.160000   1.247000
30.225000   1.244000
30.290000   1.243000
30.355000   1.242000
30.420000   1.241000
30.485000   1.241000
30.550000   1.240000
30.615000   1.242000
30.680000   1.243000
30.745000   1.246000
30.810000   1.246000
30.875000   1.245000
30.940000   1.246000
31.005000   1.247000
31.070000   1.248000
31.135000   1.248000
31.200000   1.251000
31.265000   1.256000
31.330000   1.258000
31.395000   1.262000
31.460000   1.264000
31.525000   1.266000
31.590000   1.269000
31.655000   1.270000
31.720000   1.271000
31.785000   1.261000
31.850000   1.247000
31.915000   1.247000
31.980000   1.186000
32.045000   1.150000
32.110000   1.106000
32.175000   1.106000
32.240000   1.063000
32.305000   1.015000
32.370000   0.965000
32.435000   0.915000
32.500000   0.864000
32.565000   0.813000
32.630000   0.761000
32.695000   0.709000
32.760000   0.659000
32.825000   0.608000
32.890000   0.558000
32.955000   0.457000
33.020000   0.407000
33.085000   0.358000
33.150000   0.307000
33.215000   0.307000
33.280000   0.208000
33.345000   0.208000
33.410000   0.208000
33.475000   0.208000
33.540000   0.208000
33.605000   0.000000
33.670000   0.000000
33.735000   0.000000
33.800000   0.000000
33.865000   0.000000
33.930000   0.000000
33.995000   0.000000
34.060000   0.000000
34.125000   0.000000
34.190000   0.000000
34.255000   0.000000
34.320000   0.000000
34.385000   0.000000
34.450000   0.000000
34.515000   0.000000
34.580000   0.000000
34.645000   0.000000
34.710000   0.000000
34.775000   0.000000
34.840000   0.000000
34.905000   0.000000
34.970000   0.000000
35.035000   0.000000
35.100000   0.000000
35.165000   0.000000
35.230000   0.000000
