0.000000   0.000000   0.000000 
0.065000   0.000000   0.000000 
0.130000   0.000000   0.000000 
0.195000   0.000000   0.000000 
0.260000   0.000000   0.000000 
0.325000   0.000000   0.000000 
0.390000   0.000000   0.000000 
0.455000   0.000000   0.000000 
0.520000   0.000000   0.000000 
0.585000   0.000000   0.000000 
0.650000   0.000000   0.000000 
0.715000   0.000000   -0.013596 
0.780000   0.000000   -0.013596 
0.845000   0.000000   -0.013648 
0.910000   0.000000   -0.013648 
0.975000   0.000000   -0.013648 
1.040000   0.000000   -0.013683 
1.105000   0.000000   -0.013683 
1.170000   0.000000   -0.013683 
1.235000   0.000000   -0.013614 
1.300000   0.000000   -0.000017 
1.365000   0.000000   -0.000017 
1.430000   0.000000   0.000017 
1.495000   0.000000   0.000157 
1.560000   0.000000   0.000157 
1.625000   0.000000   0.000105 
1.690000   0.000000   0.000070 
1.755000   0.000000   0.000070 
1.820000   0.000000   0.000087 
1.885000   0.000000   0.000105 
1.950000   0.000000   0.000052 
2.015000   0.000000   0.000052 
2.080000   0.000000   0.000052 
2.145000   0.000000   0.000052 
2.210000   0.000000   0.000087 
2.275000   0.000000   0.000087 
2.340000   0.000000   0.000087 
2.405000   0.000000   0.000087 
2.470000   0.000000   0.000087 
2.535000   0.000000   0.000122 
2.600000   0.000000   0.000209 
2.665000   0.000000   0.000175 
2.730000   0.000000   0.000175 
2.795000   0.000000   0.000157 
2.860000   0.000000   -0.000279 
2.925000   0.000000   0.000209 
2.990000   0.000000   0.000140 
3.055000   0.000000   0.000681 
3.120000   0.000000   0.000785 
3.185000   0.000000   0.000890 
3.250000   0.000000   0.000768 
3.315000   0.000000   0.000593 
3.380000   0.000000   0.000367 
3.445000   0.000000   0.000035 
3.510000   0.000000   0.000384 
3.575000   0.000000   0.001152 
3.640000   0.000000   -0.000157 
3.705000   0.000000   -0.000105 
3.770000   0.000000   -0.000227 
3.835000   0.000000   -0.000524 
3.900000   0.000000   -0.000384 
3.965000   0.000000   0.000017 
4.030000   0.000000   -0.000192 
4.095000   0.000000   -0.000401 
4.160000   0.000000   -0.001484 
4.225000   0.000000   -0.001780 
4.290000   0.000000   -0.001728 
4.355000   0.000000   -0.000401 
4.420000   0.000000   -0.001937 
4.485000   0.000000   -0.001449 
4.550000   0.000000   -0.002827 
4.615000   0.000000   -0.002374 
4.680000   0.000000   -0.002164 
4.745000   0.000000   0.003805 
4.810000   0.000000   0.009617 
4.875000   0.000000   0.022881 
4.940000   0.000000   0.021555 
5.005000   0.000000   0.012287 
5.070000   0.000000   0.003281 
5.135000   0.000000   -0.001571 
5.200000   0.000000   -0.001990 
5.265000   0.000000   -0.000855 
5.330000   0.000000   0.005498 
5.395000   0.000000   0.014539 
5.460000   0.000000   0.021241 
5.525000   0.000000   0.025429 
5.590000   0.288000   0.029514 
5.655000   0.339000   0.035116 
5.720000   0.398000   0.038223 
5.785000   0.449000   0.037402 
5.850000   0.499000   0.032306 
5.915000   0.540000   0.023597 
5.980000   0.576000   0.014015 
6.045000   0.597000   0.006981 
6.110000   0.619000   0.001117 
6.175000   0.636000   -0.003299 
6.240000   0.648000   -0.006737 
6.305000   0.659000   -0.008831 
6.370000   0.667000   -0.010385 
6.435000   0.676000   -0.010123 
6.500000   0.681000   -0.008447 
6.565000   0.689000   -0.006301 
6.630000   0.697000   -0.004590 
6.695000   0.702000   -0.003299 
6.760000   0.711000   -0.001326 
6.825000   0.721000   -0.000489 
6.890000   0.731000   0.001274 
6.955000   0.740000   0.001693 
7.020000   0.750000   0.002740 
7.085000   0.760000   0.004555 
7.150000   0.760000   0.005794 
7.215000   0.784000   0.008238 
7.280000   0.796000   0.007278 
7.345000   0.808000   0.006562 
7.410000   0.822000   0.005603 
7.475000   0.837000   0.004294 
7.540000   0.846000   0.003089 
7.605000   0.854000   0.001780 
7.670000   0.863000   0.001187 
7.735000   0.872000   0.000419 
7.800000   0.879000   -0.000175 
7.865000   0.890000   -0.000262 
7.930000   0.901000   -0.000698 
7.995000   0.909000   0.000035 
8.060000   0.915000   0.000559 
8.125000   0.922000   0.000646 
8.190000   0.929000   0.002077 
8.255000   0.937000   0.001902 
8.320000   0.943000   0.000401 
8.385000   0.949000   0.001012 
8.450000   0.956000   0.002094 
8.515000   0.960000   0.003107 
8.580000   0.964000   0.003613 
8.645000   0.970000   0.003368 
8.710000   0.972000   0.002199 
8.775000   0.975000   0.001710 
8.840000   0.978000   0.000593 
8.905000   0.979000   -0.000279 
8.970000   0.981000   0.000855 
9.035000   0.981000   0.000541 
9.100000   0.986000   0.000000 
9.165000   0.988000   -0.000087 
9.230000   0.989000   0.000192 
9.295000   0.991000   0.000209 
9.360000   0.994000   0.000035 
9.425000   0.995000   0.000035 
9.490000   0.996000   0.000157 
9.555000   0.998000   0.001361 
9.620000   0.997000   0.000506 
9.685000   0.997000   0.000000 
9.750000   0.997000   0.001501 
9.815000   0.996000   0.001815 
9.880000   0.999000   0.002897 
9.945000   0.998000   0.003630 
10.010000   0.999000   0.002443 
10.075000   0.998000   0.003176 
10.140000   0.999000   0.004032 
10.205000   0.997000   0.004294 
10.270000   0.997000   -0.007016 
10.335000   0.995000   -0.018902 
10.400000   0.995000   0.000227 
10.465000   0.996000   0.045763 
10.530000   0.997000   0.077440 
10.595000   0.998000   0.062622 
10.660000   0.999000   0.009215 
10.725000   0.994000   -0.042307 
10.790000   0.990000   -0.047857 
10.855000   0.987000   -0.006231 
10.920000   0.994000   0.043371 
10.985000   0.996000   0.054053 
11.050000   0.998000   0.015551 
11.115000   0.994000   -0.039811 
11.180000   0.992000   -0.065921 
11.245000   0.990000   -0.040055 
11.310000   0.989000   0.015324 
11.375000   0.990000   0.054454 
11.440000   0.993000   0.041923 
11.505000   0.992000   -0.006336 
11.570000   0.989000   -0.053058 
11.635000   0.987000   -0.053669 
11.700000   0.987000   -0.007540 
11.765000   0.989000   0.044017 
11.830000   0.990000   0.055781 
11.895000   0.990000   0.017349 
11.960000   0.987000   -0.037158 
12.025000   0.984000   -0.061418 
12.090000   0.982000   -0.033493 
12.155000   0.983000   0.021956 
12.220000   0.985000   0.060249 
12.285000   0.990000   0.048450 
12.350000   0.991000   -0.002985 
12.415000   0.985000   -0.050039 
12.480000   0.980000   -0.046792 
12.545000   0.979000   -0.001187 
12.610000   0.981000   0.046356 
12.675000   0.982000   0.051819 
12.740000   0.982000   0.009634 
12.805000   0.980000   -0.043633 
12.870000   0.980000   -0.060092 
12.935000   0.979000   -0.025517 
13.000000   0.983000   0.029810 
13.065000   0.986000   0.060511 
13.130000   0.992000   0.039567 
13.195000   0.994000   -0.014626 
13.260000   0.993000   -0.055851 
13.325000   0.990000   -0.047141 
13.390000   0.991000   0.001955 
13.455000   0.996000   0.048939 
13.520000   1.000000   0.051906 
13.585000   1.001000   0.009006 
13.650000   1.000000   -0.040998 
13.715000   0.999000   -0.053791 
13.780000   0.994000   -0.016860 
13.845000   0.996000   0.037926 
13.910000   0.996000   0.037926 
13.975000   0.996000   0.037926 
14.040000   1.001000   0.042743 
14.105000   1.003000   -0.012741 
14.170000   1.003000   -0.054873 
14.235000   1.001000   -0.045326 
14.300000   1.001000   0.003840 
14.365000   1.003000   0.050039 
14.430000   1.006000   0.052238 
14.495000   1.008000   0.007679 
14.560000   1.004000   -0.046164 
14.625000   1.000000   -0.061715 
14.690000   0.999000   -0.023771 
14.755000   1.000000   0.029880 
14.820000   1.006000   0.052185 
14.885000   1.010000   0.023876 
14.950000   1.011000   -0.027908 
15.015000   1.010000   -0.060825 
15.080000   1.007000   -0.042656 
15.145000   1.005000   0.010105 
15.210000   1.007000   0.054053 
15.275000   1.010000   0.050597 
15.340000   1.009000   0.003875 
15.405000   1.008000   -0.047630 
15.470000   1.004000   -0.056880 
15.535000   1.002000   -0.016458 
15.600000   1.003000   0.034994 
15.665000   1.008000   0.052500 
15.730000   1.008000   0.052500 
15.795000   1.011000   -0.032446 
15.860000   1.006000   -0.059743 
15.925000   1.006000   -0.059743 
15.990000   1.006000   -0.059743 
16.055000   1.004000   0.057509 
16.120000   1.004000   0.057509 
16.185000   1.008000   0.020490 
16.250000   1.008000   -0.022305 
16.315000   1.003000   -0.030840 
16.380000   1.002000   0.004904 
16.445000   1.000000   0.050667 
16.510000   1.004000   0.063303 
16.575000   1.005000   0.024435 
16.640000   1.003000   -0.032882 
16.705000   0.998000   -0.062588 
16.770000   0.998000   -0.062588 
16.835000   0.995000   0.013736 
16.900000   0.995000   0.048852 
16.965000   0.995000   0.048852 
17.030000   0.996000   -0.016109 
17.095000   0.994000   -0.063321 
17.160000   0.994000   -0.063321 
17.225000   0.990000   -0.017052 
17.290000   0.990000   0.035622 
17.355000   0.991000   0.047770 
17.420000   0.991000   0.011519 
17.485000   0.991000   -0.038781 
17.550000   0.986000   -0.057893 
17.615000   0.984000   -0.025779 
17.680000   0.987000   0.027786 
17.745000   0.991000   0.060737 
17.810000   0.994000   0.041225 
17.875000   0.991000   -0.010263 
17.940000   0.992000   -0.052342 
18.005000   0.987000   -0.047909 
18.070000   0.985000   -0.000698 
18.135000   0.988000   0.050283 
18.200000   0.995000   0.059586 
18.265000   0.995000   0.020647 
18.330000   0.994000   -0.033982 
18.395000   0.994000   -0.055868 
18.460000   0.993000   -0.025185 
18.525000   0.995000   0.027210 
18.590000   0.998000   0.057509 
18.655000   1.001000   0.036076 
18.720000   1.003000   -0.015673 
18.785000   1.000000   -0.057997 
18.850000   1.001000   -0.050981 
18.915000   1.004000   -0.000576 
18.980000   1.008000   0.050772 
19.045000   1.012000   0.057701 
19.110000   1.017000   0.019495 
19.175000   1.017000   -0.030945 
19.240000   1.013000   -0.046199 
19.305000   1.013000   -0.011449 
19.370000   1.014000   0.041050 
19.435000   1.018000   0.064682 
19.500000   1.020000   0.036652 
19.565000   1.020000   0.036652 
19.630000   1.016000   -0.054210 
19.695000   1.013000   -0.039375 
19.760000   1.011000   0.012270 
19.825000   1.016000   0.056409 
19.890000   1.016000   0.053512 
19.955000   1.014000   0.009774 
20.020000   1.012000   -0.039916 
20.085000   1.007000   -0.049672 
20.150000   1.007000   -0.049672 
20.215000   1.007000   0.042324 
20.280000   1.008000   0.065048 
20.345000   1.007000   0.035936 
20.410000   1.003000   -0.017663 
20.475000   0.999000   -0.050545 
20.540000   0.998000   -0.031416 
20.605000   0.995000   0.019094 
20.670000   0.996000   0.059132 
20.735000   0.997000   0.051156 
20.800000   0.997000   0.003892 
20.865000   0.994000   -0.046932 
20.930000   0.990000   -0.055798 
20.995000   0.992000   -0.016266 
21.060000   0.991000   0.036582 
21.125000   0.994000   0.055763 
21.190000   0.995000   0.025726 
21.255000   0.994000   -0.026564 
21.320000   0.990000   -0.053337 
21.385000   0.987000   -0.026634 
21.450000   0.987000   0.025674 
21.515000   0.990000   0.061837 
21.580000   0.992000   0.050318 
21.645000   0.993000   0.001449 
21.710000   0.990000   -0.045920 
21.775000   0.988000   -0.046199 
21.840000   0.989000   -0.001169 
21.905000   0.991000   0.051766 
21.970000   0.994000   0.065467 
22.035000   0.997000   0.029112 
22.100000   0.998000   -0.026878 
22.165000   0.996000   -0.054000 
22.230000   0.993000   -0.028222 
22.295000   0.993000   0.024609 
22.360000   0.999000   0.059673 
22.425000   0.993000   0.049585 
22.490000   0.965000   0.007156 
22.555000   0.936000   -0.053913 
22.620000   0.895000   -0.110846 
22.685000   0.857000   -0.152297 
22.750000   0.812000   -0.173189 
22.815000   0.764000   -0.178792 
22.880000   0.714000   -0.176261 
22.945000   0.714000   -0.176261 
23.010000   0.616000   -0.162071 
23.075000   0.565000   -0.154950 
23.140000   0.565000   -0.148859 
23.205000   0.469000   -0.146869 
23.270000   0.421000   -0.149453 
23.335000   0.372000   -0.151739 
23.400000   0.323000   -0.151163 
23.465000   0.276000   -0.151058 
23.530000   0.225000   -0.158458 
23.595000   0.225000   -0.170484 
23.660000   0.225000   -0.176366 
23.725000   0.225000   -0.165894 
23.790000   0.000000   -0.010036 
23.855000   0.000000   0.015673 
23.920000   0.000000   0.037245 
23.985000   0.000000   -0.006685 
24.050000   0.000000   -0.006685 
24.115000   0.000000   -0.006685 
24.180000   0.000000   -0.015184 
24.245000   0.000000   -0.015080 
24.310000   0.000000   -0.014835 
24.375000   0.000000   -0.014591 
24.440000   0.000000   -0.014102 
24.505000   0.000000   -0.013771 
24.570000   0.000000   -0.013422 
24.635000   0.000000   -0.013422 
24.700000   0.000000   -0.013422 
24.765000   0.000000   -0.012147 
24.830000   0.000000   -0.011781 
24.895000   0.000000   -0.011380 
24.960000   0.000000   -0.011380 
25.025000   0.000000   -0.010664 
25.090000   0.000000   -0.010332 
25.155000   0.000000   -0.010018 
25.220000   0.000000   -0.009844 
