0.000000   0.000000   0.000000 
0.065000   0.000000   0.000000 
0.130000   0.000000   0.000000 
0.195000   0.000000   0.000000 
0.260000   0.000000   0.000000 
0.325000   0.000000   0.000000 
0.390000   0.000000   0.000000 
0.455000   0.000000   0.000000 
0.520000   0.000000   0.000000 
0.585000   0.000000   0.000000 
0.650000   0.000000   0.000000 
0.715000   0.000000   0.001204 
0.780000   0.000000   0.001134 
0.845000   0.000000   0.001047 
0.910000   0.000000   0.001012 
0.975000   0.000000   0.000908 
1.040000   0.000000   0.000803 
1.105000   0.000000   0.000942 
1.170000   0.000000   0.000960 
1.235000   0.000000   0.000925 
1.300000   0.000000   0.000087 
1.365000   0.000000   0.000052 
1.430000   0.000000   0.000209 
1.495000   0.000000   0.000436 
1.560000   0.000000   0.000436 
1.625000   0.000000   0.000489 
1.690000   0.000000   0.000524 
1.755000   0.000000   0.000559 
1.820000   0.000000   0.000628 
1.885000   0.000000   0.000593 
1.950000   0.000000   0.000593 
2.015000   0.000000   0.000593 
2.080000   0.000000   0.000663 
2.145000   0.000000   0.000750 
2.210000   0.000000   0.000803 
2.275000   0.000000   0.000785 
2.340000   0.000000   0.000785 
2.405000   0.000000   0.000908 
2.470000   0.000000   0.000942 
2.535000   0.000000   0.001100 
2.600000   0.000000   0.000681 
2.665000   0.000000   0.001012 
2.730000   0.000000   0.000908 
2.795000   0.000000   0.001012 
2.860000   0.000000   0.000820 
2.925000   0.000000   0.000716 
2.990000   0.000000   0.000436 
3.055000   0.000000   0.000611 
3.120000   0.000000   0.001134 
3.185000   0.000000   0.001152 
3.250000   0.000000   0.001553 
3.315000   0.000000   0.001292 
3.380000   0.000000   0.001763 
3.445000   0.000000   0.001763 
3.510000   0.000000   0.001955 
3.575000   0.000000   0.002286 
3.640000   0.000000   0.001763 
3.705000   0.000000   0.002129 
3.770000   0.000000   0.001030 
3.835000   0.000000   0.000838 
3.900000   0.000000   0.001396 
3.965000   0.000000   0.001676 
4.030000   0.000000   0.001065 
4.095000   0.000000   0.000733 
4.160000   0.000000   0.001030 
4.225000   0.000000   0.000908 
4.290000   0.000000   0.002164 
4.355000   0.000000   0.002862 
4.420000   0.000000   0.004014 
4.485000   0.000000   0.004416 
4.550000   0.000000   0.001536 
4.615000   0.000000   0.001606 
4.680000   0.000000   0.005009 
4.745000   0.000000   0.005480 
4.810000   0.000000   0.002112 
4.875000   0.000000   -0.000855 
4.940000   0.000000   -0.004695 
5.005000   0.000000   -0.004730 
5.070000   0.000000   0.010018 
5.135000   0.000000   0.022427 
5.200000   0.000000   0.022427 
5.265000   0.284000   0.027262 
5.330000   0.315000   0.030020 
5.395000   0.315000   0.030020 
5.460000   0.410000   0.033580 
5.525000   0.461000   0.029548 
5.590000   0.503000   0.022637 
5.655000   0.542000   0.017017 
5.720000   0.542000   0.017017 
5.785000   0.599000   0.003892 
5.850000   0.616000   -0.000663 
5.915000   0.632000   -0.004171 
5.980000   0.643000   -0.005166 
6.045000   0.655000   -0.006161 
6.110000   0.666000   -0.007138 
6.175000   0.679000   -0.007592 
6.240000   0.690000   -0.005201 
6.305000   0.701000   -0.003979 
6.370000   0.714000   -0.003037 
6.435000   0.726000   -0.001641 
6.500000   0.733000   0.000942 
6.565000   0.743000   0.000838 
6.630000   0.754000   0.000471 
6.695000   0.754000   0.000576 
6.760000   0.754000   0.000838 
6.825000   0.792000   0.001606 
6.890000   0.807000   0.002810 
6.955000   0.819000   0.002583 
7.020000   0.831000   0.003334 
7.085000   0.841000   0.005672 
7.150000   0.851000   0.005114 
7.215000   0.862000   0.002601 
7.280000   0.872000   0.002897 
7.345000   0.883000   0.001902 
7.410000   0.895000   0.003089 
7.475000   0.904000   0.003421 
7.540000   0.911000   0.003142 
7.605000   0.915000   0.003019 
7.670000   0.920000   0.004067 
7.735000   0.927000   0.002356 
7.800000   0.933000   0.001082 
7.865000   0.941000   0.002007 
7.930000   0.945000   0.002129 
7.995000   0.949000   0.001152 
8.060000   0.957000   0.000314 
8.125000   0.961000   -0.000820 
8.190000   0.966000   -0.001030 
8.255000   0.970000   -0.001292 
8.320000   0.972000   -0.001955 
8.385000   0.976000   -0.000768 
8.450000   0.979000   0.001414 
8.515000   0.980000   0.002094 
8.580000   0.984000   0.003142 
8.645000   0.986000   0.003456 
8.710000   0.987000   0.003194 
8.775000   0.989000   0.004102 
8.840000   0.990000   0.004660 
8.905000   0.994000   0.004852 
8.970000   0.992000   0.004451 
9.035000   0.992000   0.003875 
9.100000   0.992000   0.003648 
9.165000   0.993000   0.004398 
9.230000   0.993000   0.003875 
9.295000   0.992000   0.004660 
9.360000   0.992000   0.004660 
9.425000   0.992000   0.004660 
9.490000   0.993000   0.003752 
9.555000   0.996000   0.004276 
9.620000   0.995000   0.004084 
9.685000   0.993000   0.004276 
9.750000   0.992000   0.002601 
9.815000   0.990000   0.000244 
9.880000   0.990000   0.000332 
9.945000   0.990000   0.000122 
10.010000   0.991000   -0.000384 
10.075000   0.991000   0.000436 
10.140000   0.990000   0.000768 
10.205000   0.991000   0.000873 
10.270000   0.989000   0.001449 
10.335000   0.989000   0.001728 
10.400000   0.988000   -0.004259 
10.465000   0.988000   -0.029932 
10.530000   0.990000   -0.072780 
10.595000   0.988000   -0.114302 
10.660000   0.988000   -0.129119 
10.725000   0.990000   -0.094754 
10.790000   0.992000   -0.024592 
10.855000   0.995000   0.051470 
10.920000   1.000000   0.105575 
10.985000   1.001000   0.112661 
11.050000   1.004000   0.069831 
11.115000   1.001000   0.002304 
11.180000   0.998000   -0.061226 
11.245000   0.993000   -0.088226 
11.310000   0.990000   -0.059184 
11.375000   0.991000   0.005445 
11.440000   0.998000   0.071628 
11.505000   1.002000   0.111247 
11.570000   1.003000   0.101264 
11.635000   1.002000   0.048363 
11.700000   1.000000   -0.023789 
11.765000   0.998000   -0.082275 
11.830000   0.996000   -0.097110 
11.895000   0.996000   -0.060615 
11.960000   0.998000   0.005411 
12.025000   1.001000   0.070913 
12.090000   1.007000   0.104702 
12.155000   1.011000   0.086202 
12.220000   1.011000   0.026704 
12.285000   1.007000   -0.043720 
12.350000   1.004000   -0.093445 
12.415000   1.001000   -0.097965 
12.480000   1.001000   -0.053599 
12.545000   1.006000   0.014190 
12.610000   1.008000   0.075869 
12.675000   1.017000   0.100514 
12.740000   1.020000   0.071105 
12.805000   1.020000   0.007208 
12.870000   1.016000   -0.060772 
12.935000   1.012000   -0.103306 
13.000000   1.009000   -0.096133 
13.065000   1.006000   -0.043494 
13.130000   1.007000   0.023998 
13.195000   1.011000   0.080372 
13.260000   1.013000   0.096395 
13.325000   1.018000   0.062029 
13.390000   1.015000   -0.003892 
13.455000   1.012000   -0.071593 
13.520000   1.007000   -0.109275 
13.585000   1.003000   -0.089797 
13.650000   1.006000   -0.029740 
13.715000   1.006000   0.038537 
13.780000   1.011000   0.088680 
13.845000   1.015000   0.093253 
13.910000   1.016000   0.048991 
13.975000   1.016000   -0.020054 
14.040000   1.008000   -0.081524 
14.105000   1.003000   -0.106203 
14.170000   0.997000   -0.074910 
14.235000   0.999000   -0.009564 
14.300000   1.000000   0.057927 
14.365000   1.003000   0.099449 
14.430000   1.005000   0.090809 
14.495000   1.004000   0.038031 
14.560000   1.000000   -0.032254 
14.625000   0.987000   -0.103009 
14.690000   0.984000   -0.066026 
14.755000   0.981000   -0.000035 
14.820000   0.985000   0.065450 
14.885000   0.992000   0.100740 
14.950000   0.992000   0.100740 
15.015000   0.992000   0.100740 
15.080000   0.986000   -0.041696 
15.145000   0.986000   -0.041696 
15.210000   0.975000   -0.102416 
15.275000   0.971000   -0.060877 
15.340000   0.974000   0.005463 
15.405000   0.978000   0.067090 
15.470000   0.978000   0.096028 
15.535000   1.001000   0.073374 
15.600000   0.997000   0.012339 
15.665000   0.975000   -0.055135 
15.730000   0.963000   -0.097407 
15.795000   0.957000   -0.087790 
15.860000   0.956000   -0.035954 
15.925000   0.960000   0.029339 
15.990000   0.967000   0.084038 
16.055000   0.977000   0.099920 
16.120000   0.983000   0.066898 
16.185000   0.983000   0.000977 
16.250000   0.981000   -0.064822 
16.315000   0.982000   -0.103236 
16.380000   0.980000   -0.089221 
16.445000   0.984000   -0.033458 
16.510000   0.989000   0.033283 
16.575000   0.999000   0.084334 
16.640000   1.004000   0.092101 
16.705000   1.013000   0.053826 
16.770000   1.012000   -0.011048 
16.835000   1.010000   -0.073862 
16.900000   1.009000   -0.100426 
16.965000   1.011000   -0.074176 
17.030000   1.015000   -0.014137 
17.095000   1.022000   0.054175 
17.160000   1.022000   0.099117 
17.225000   1.022000   0.096656 
17.290000   1.022000   0.048642 
17.355000   1.022000   -0.019042 
17.420000   1.022000   -0.077999 
17.485000   1.022000   -0.097477 
17.550000   1.018000   -0.064612 
17.615000   1.018000   -0.003019 
17.680000   1.018000   0.062256 
17.745000   1.018000   0.110549 
17.810000   1.018000   0.106413 
17.875000   1.018000   0.050423 
17.940000   1.018000   -0.022602 
18.005000   1.018000   -0.081961 
18.070000   1.017000   -0.094457 
18.135000   1.012000   -0.059289 
18.200000   1.013000   0.004747 
18.265000   1.018000   0.067073 
18.330000   1.022000   0.094876 
18.395000   1.021000   0.072030 
18.460000   1.019000   0.010263 
18.525000   1.012000   -0.057840 
18.590000   1.006000   -0.101281 
18.655000   1.003000   -0.095190 
18.720000   1.000000   -0.044244 
18.785000   1.001000   0.025150 
18.850000   1.001000   0.083270 
18.915000   1.001000   0.101753 
18.980000   0.998000   0.067457 
19.045000   0.994000   0.003403 
19.110000   0.994000   0.003403 
19.175000   0.984000   -0.102416 
19.240000   0.977000   -0.088122 
19.305000   0.974000   -0.029217 
19.370000   0.978000   0.041644 
19.435000   0.976000   0.096203 
19.500000   0.977000   0.106151 
19.565000   0.980000   0.067073 
19.630000   0.976000   0.000070 
19.695000   0.981000   -0.061750 
19.760000   0.986000   -0.093550 
19.825000   1.014000   -0.074334 
19.890000   1.018000   -0.015010 
19.955000   1.022000   0.052500 
20.020000   1.022000   0.096028 
20.085000   1.022000   0.091839 
20.150000   1.022000   0.040980 
20.215000   1.022000   -0.028571 
20.280000   1.018000   -0.089256 
20.345000   1.008000   -0.108385 
20.410000   0.996000   -0.074962 
20.475000   0.984000   -0.009791 
20.540000   1.017000   0.056985 
20.605000   1.002000   0.098471 
20.670000   0.987000   0.085085 
20.735000   0.986000   0.027297 
20.800000   0.986000   -0.043546 
20.865000   0.978000   -0.095888 
20.930000   0.968000   -0.101020 
20.995000   0.967000   -0.055589 
21.060000   0.975000   0.011048 
21.125000   0.965000   0.073112 
21.190000   0.953000   0.108280 
21.255000   0.956000   0.097494 
21.320000   0.956000   0.048276 
21.385000   0.956000   -0.016092 
21.450000   0.935000   -0.064054 
21.515000   0.909000   -0.077842 
21.580000   0.864000   -0.089570 
21.645000   0.837000   -0.094318 
21.710000   0.786000   -0.093497 
21.775000   0.729000   -0.081297 
21.840000   0.657000   -0.077144 
21.905000   0.603000   -0.073234 
21.970000   0.549000   -0.066131 
22.035000   0.491000   -0.052028 
22.100000   0.440000   -0.036425 
22.165000   0.389000   -0.026529 
22.230000   0.337000   -0.023475 
22.295000   0.283000   -0.022881 
22.360000   0.246000   -0.021276 
22.425000   0.224000   -0.019007 
22.490000   0.201000   -0.018623 
22.555000   0.201000   -0.017872 
22.620000   0.201000   -0.015848 
22.685000   0.201000   -0.012881 
22.750000   0.201000   -0.012881 
22.815000   0.201000   -0.008814 
22.880000   0.201000   -0.008430 
22.945000   4294967.293000   -0.008482 
23.010000   4294967.263000   -0.007295 
23.075000   4294967.220000   -0.006702 
23.140000   4294967.186000   -0.005288 
23.205000   4294967.147000   -0.004747 
23.270000   4294967.103000   -0.006458 
23.335000   4294967.060000   -0.009512 
23.400000   4294967.010000   -0.013509 
23.465000   4294966.963000   -0.017959 
23.530000   4294966.915000   -0.022201 
23.595000   4294966.868000   -0.027035 
23.660000   4294966.831000   -0.036355 
23.725000   4294966.804000   -0.039165 
23.790000   4294966.804000   -0.039165 
23.855000   4294966.754000   -0.033144 
23.920000   4294966.756000   -0.023248 
23.985000   0.000000   -0.004625 
24.050000   0.000000   -0.003770 
24.115000   0.000000   -0.003630 
24.180000   0.000000   -0.003403 
24.245000   0.000000   -0.003316 
24.310000   0.000000   -0.003124 
24.375000   0.000000   -0.002705 
24.440000   0.000000   -0.002531 
24.505000   0.000000   -0.002251 
24.570000   0.000000   -0.002042 
24.635000   0.000000   -0.001833 
24.700000   0.000000   -0.001606 
24.765000   0.000000   -0.001344 
24.830000   0.000000   -0.001100 
24.895000   0.000000   -0.000890 
24.960000   0.000000   -0.000593 
25.025000   0.000000   -0.000401 
25.090000   0.000000   -0.000122 
25.155000   0.000000   0.000297 
25.220000   0.000000   0.000733 
25.285000   0.000000   0.001117 
25.350000   0.000000   0.001466 
25.415000   0.000000   0.001588 
