0.000000   0.000000   0.000000 
0.065000   0.000000   0.000000 
0.130000   0.000000   0.000000 
0.195000   0.000000   0.000000 
0.260000   0.000000   0.000000 
0.325000   0.000000   0.000000 
0.390000   0.000000   0.000000 
0.455000   0.000000   0.000000 
0.520000   0.000000   0.000000 
0.585000   0.000000   0.000000 
0.650000   0.000000   0.000000 
0.715000   0.000000   -0.001082 
0.780000   0.000000   -0.001082 
0.845000   0.000000   -0.001065 
0.910000   0.000000   -0.001065 
0.975000   0.000000   -0.001047 
1.040000   0.000000   -0.001065 
1.105000   0.000000   -0.001082 
1.170000   0.000000   -0.001100 
1.235000   0.000000   -0.001100 
1.300000   0.000000   0.000000 
1.365000   0.000000   0.000105 
1.430000   0.000000   0.000175 
1.495000   0.000000   0.000227 
1.560000   0.000000   0.000349 
1.625000   0.000000   0.000384 
1.690000   0.000000   0.000454 
1.755000   0.000000   0.000506 
1.820000   0.000000   0.000489 
1.885000   0.000000   0.000541 
1.950000   0.000000   0.000593 
2.015000   0.000000   0.000611 
2.080000   0.000000   0.000646 
2.145000   0.000000   0.000698 
2.210000   0.000000   0.000750 
2.275000   0.000000   0.000768 
2.340000   0.000000   0.000803 
2.405000   0.000000   0.000838 
2.470000   0.000000   0.000768 
2.535000   0.000000   0.000803 
2.600000   0.000000   0.000855 
2.665000   0.000000   0.000873 
2.730000   0.000000   0.000925 
2.795000   0.000000   0.000908 
2.860000   0.000000   0.000925 
2.925000   0.000000   0.000942 
2.990000   0.000000   0.000960 
3.055000   0.000000   0.001012 
3.120000   0.000000   0.000995 
3.185000   0.000000   0.001030 
3.250000   0.000000   0.000925 
3.315000   0.000000   0.000960 
3.380000   0.000000   0.000977 
3.445000   0.000000   0.001012 
3.510000   0.000000   0.000925 
3.575000   0.000000   0.000960 
3.640000   0.000000   0.001012 
3.705000   0.000000   0.001047 
3.770000   0.000000   0.001082 
3.835000   0.000000   0.001117 
3.900000   0.000000   0.001134 
3.965000   0.000000   0.001152 
4.030000   0.000000   0.001222 
4.095000   0.000000   0.001326 
4.160000   0.000000   0.001326 
4.225000   0.000000   0.001361 
4.290000   0.000000   0.001379 
4.355000   0.000000   0.001431 
4.420000   0.000000   0.001466 
4.485000   0.000000   0.001396 
4.550000   0.000000   0.001466 
4.615000   0.000000   0.001501 
4.680000   0.000000   0.001536 
4.745000   0.000000   0.001553 
4.810000   0.000000   0.001379 
4.875000   0.000000   0.002147 
4.940000   0.000000   0.001518 
5.005000   0.000000   0.002182 
5.070000   0.000000   0.002094 
5.135000   0.000000   0.002042 
5.200000   0.000000   0.001850 
5.265000   0.000000   0.001763 
5.330000   0.000000   0.001885 
5.395000   0.000000   0.001885 
5.460000   0.000000   0.002059 
5.525000   0.000000   0.002478 
5.590000   0.000000   0.000942 
5.655000   0.000000   0.002635 
5.720000   0.000000   0.001798 
5.785000   0.000000   0.001641 
5.850000   0.000000   0.001501 
5.915000   0.000000   0.001204 
5.980000   0.000000   0.002723 
6.045000   0.000000   0.001641 
6.110000   0.000000   0.001571 
6.175000   0.000000   0.001553 
6.240000   0.000000   0.001274 
6.305000   0.000000   0.000803 
6.370000   0.000000   0.000087 
6.435000   0.000000   0.002164 
6.500000   0.000000   0.003473 
6.565000   0.000000   0.004311 
6.630000   0.000000   0.003159 
6.695000   0.000000   0.002199 
6.760000   0.000000   0.004904 
6.825000   0.000000   0.003019 
6.890000   0.000000   0.007173 
6.955000   0.000000   0.009721 
7.020000   0.000000   0.008622 
7.085000   0.000000   0.005288 
7.150000   0.000000   0.001972 
7.215000   0.000000   -0.005620 
7.280000   0.000000   -0.009215 
7.345000   0.000000   -0.010507 
7.410000   0.000000   -0.001030 
7.475000   0.000000   0.008639 
7.540000   0.000000   0.015307 
7.605000   0.000000   0.022480 
7.670000   0.287000   0.028728 
7.735000   0.318000   0.033336 
7.800000   0.364000   0.034924 
7.865000   0.419000   0.034366 
7.930000   0.463000   0.031032 
7.995000   0.507000   0.026459 
8.060000   0.507000   0.026459 
8.125000   0.507000   0.026459 
8.190000   0.507000   0.026459 
8.255000   0.507000   0.026459 
8.320000   0.593000   0.012252 
8.385000   0.612000   0.009285 
8.450000   0.626000   0.005428 
8.515000   0.635000   0.003072 
8.580000   0.635000   0.003072 
8.645000   0.661000   -0.003648 
8.710000   0.677000   -0.008273 
8.775000   0.696000   -0.011380 
8.840000   0.708000   -0.012933 
8.905000   0.720000   -0.013526 
8.970000   0.736000   -0.011851 
9.035000   0.755000   -0.009233 
9.100000   0.755000   -0.006580 
9.165000   0.785000   -0.004451 
9.230000   0.804000   -0.004032 
9.295000   0.818000   -0.003979 
9.360000   0.833000   -0.003805 
9.425000   0.847000   -0.003299 
9.490000   0.863000   -0.002531 
9.555000   0.879000   0.000349 
9.620000   0.893000   0.002705 
9.685000   0.906000   0.004992 
9.750000   0.917000   0.007453 
9.815000   0.925000   0.011414 
9.880000   0.934000   0.014399 
9.945000   0.941000   0.015691 
10.010000   0.949000   0.016493 
10.075000   0.953000   0.015010 
10.140000   0.953000   0.015010 
10.205000   0.961000   0.013038 
10.270000   0.963000   0.011100 
10.335000   0.964000   0.008692 
10.400000   0.965000   0.010507 
10.465000   0.965000   0.031922 
10.530000   0.964000   0.065607 
10.595000   0.966000   0.077161 
10.660000   0.966000   0.039287 
10.725000   0.965000   -0.019705 
10.790000   0.962000   -0.047997 
10.855000   0.962000   -0.047997 
10.920000   0.962000   0.030020 
10.985000   0.964000   0.050702 
11.050000   0.968000   0.018902 
11.115000   0.968000   -0.030578 
11.180000   0.969000   -0.042534 
11.245000   0.971000   -0.008535 
11.310000   0.977000   0.033091 
11.375000   0.979000   0.030665 
11.440000   0.980000   -0.012339 
11.505000   0.980000   -0.052779 
11.570000   0.983000   -0.043947 
11.635000   0.984000   0.001641 
11.700000   0.986000   0.036565 
11.765000   0.986000   0.036565 
11.830000   0.993000   -0.024243 
11.895000   0.993000   -0.051348 
11.960000   0.993000   -0.025464 
12.025000   0.991000   0.023684 
12.090000   0.970000   0.045675 
12.155000   0.987000   0.016720 
12.220000   0.991000   -0.030281 
12.285000   0.997000   -0.044296 
12.350000   1.001000   -0.009407 
12.415000   1.003000   0.038519 
12.480000   1.007000   0.049096 
12.545000   1.012000   0.014591 
12.610000   1.012000   0.014591 
12.675000   1.003000   -0.033807 
12.740000   1.003000   -0.004485 
12.805000   1.000000   0.027070 
12.870000   1.001000   0.015516 
12.935000   0.999000   -0.026093 
13.000000   0.998000   -0.052744 
13.065000   0.996000   -0.027088 
13.130000   0.997000   0.023108 
13.195000   0.997000   0.048276 
13.260000   0.996000   0.020857 
13.325000   0.995000   -0.026651 
13.390000   0.975000   -0.044663 
13.455000   0.979000   -0.010123 
13.520000   0.986000   0.038188 
13.585000   0.991000   0.048415 
13.650000   0.997000   0.010629 
13.715000   0.995000   -0.039706 
13.780000   0.992000   -0.048014 
13.845000   0.989000   -0.008133 
13.910000   0.989000   0.036809 
13.975000   0.991000   0.035064 
14.040000   0.967000   -0.003962 
14.105000   0.978000   -0.035779 
14.170000   0.995000   -0.020106 
14.235000   1.001000   0.023527 
14.300000   1.005000   0.050824 
14.365000   1.011000   0.028257 
14.430000   1.011000   -0.020246 
14.495000   1.009000   -0.044576 
14.560000   1.003000   -0.017750 
14.625000   1.001000   0.029164 
14.690000   0.985000   0.042220 
14.755000   0.997000   0.006685 
14.820000   1.001000   -0.041260 
14.885000   1.002000   -0.050807 
14.950000   1.003000   -0.013980 
15.015000   1.006000   0.030857 
15.080000   1.006000   0.032707 
15.145000   1.007000   -0.006056 
15.210000   1.005000   -0.044960 
15.275000   1.002000   -0.035500 
15.340000   0.999000   0.009582 
15.405000   1.004000   0.041975 
15.470000   1.003000   0.024278 
15.535000   1.003000   -0.020036 
15.600000   1.000000   -0.043371 
15.665000   0.998000   -0.015795 
15.730000   1.000000   0.034139 
15.795000   1.002000   0.053110 
15.860000   1.003000   0.023457 
15.925000   0.978000   -0.025639 
15.990000   0.982000   -0.038066 
16.055000   0.989000   -0.001815 
16.120000   0.997000   0.044454 
16.185000   1.007000   0.011868 
16.250000   1.008000   -0.033144 
16.315000   1.010000   -0.033336 
16.380000   1.011000   0.005847 
16.445000   1.011000   0.005847 
16.510000   1.009000   0.026180 
16.575000   1.008000   -0.022131 
16.640000   1.004000   -0.055222 
16.705000   0.998000   -0.036006 
16.770000   0.996000   0.010071 
16.835000   0.996000   0.033283 
16.900000   1.000000   0.007016 
16.965000   1.000000   -0.042848 
17.030000   1.000000   -0.060144 
17.095000   1.001000   -0.024993 
17.160000   0.973000   0.026634 
17.225000   0.992000   0.038851 
17.290000   1.002000   0.007261 
17.355000   1.007000   -0.033353 
17.420000   1.009000   -0.034191 
17.485000   1.009000   0.007418 
17.550000   1.010000   0.046653 
17.615000   1.011000   0.038083 
17.680000   1.011000   -0.006283 
17.745000   1.006000   -0.039602 
17.810000   1.002000   -0.023492 
17.875000   0.999000   0.024155 
17.940000   0.999000   0.053756 
18.005000   0.999000   0.033318 
18.070000   0.996000   -0.015184 
18.135000   0.992000   -0.040160 
18.200000   0.990000   -0.014207 
18.265000   0.992000   0.034488 
18.330000   0.996000   0.051103 
18.395000   0.997000   0.019338 
18.460000   0.992000   -0.029688 
18.525000   0.990000   -0.038938 
18.590000   0.990000   -0.002269 
18.655000   0.992000   0.040544 
18.720000   0.993000   0.039095 
18.785000   0.996000   -0.001309 
18.850000   0.994000   -0.038048 
18.915000   0.994000   -0.026424 
18.980000   0.996000   0.019530 
19.045000   1.002000   0.050492 
19.110000   1.006000   0.032341 
19.175000   1.005000   -0.016546 
19.240000   1.006000   -0.044995 
19.305000   1.003000   -0.023143 
19.370000   1.005000   0.025464 
19.435000   1.009000   0.045728 
19.500000   1.010000   0.017593 
19.565000   1.007000   -0.031922 
19.630000   1.005000   -0.044977 
19.695000   1.004000   -0.009599 
19.760000   0.985000   0.034278 
19.825000   0.998000   0.037053 
19.890000   1.004000   -0.000681 
19.955000   1.007000   -0.040771 
20.020000   1.007000   -0.039794 
20.085000   1.006000   0.001990 
20.150000   1.004000   0.038642 
20.215000   1.003000   0.026407 
20.280000   1.003000   -0.018221 
20.345000   0.998000   -0.046827 
20.410000   0.993000   -0.025813 
20.475000   0.991000   0.022654 
20.540000   0.992000   0.048381 
20.605000   0.993000   0.026930 
20.670000   0.992000   -0.020665 
20.735000   0.989000   -0.039951 
20.800000   0.987000   -0.009879 
20.865000   0.987000   0.035832 
20.930000   0.987000   0.035832 
20.995000   0.972000   0.014556 
21.060000   0.982000   -0.026965 
21.125000   0.982000   -0.026965 
21.190000   0.982000   -0.026965 
21.255000   0.988000   0.013125 
21.320000   0.993000   0.051679 
21.385000   0.996000   0.041556 
21.450000   0.996000   0.041556 
21.515000   0.996000   -0.052674 
21.580000   0.993000   -0.021625 
21.645000   0.995000   0.031067 
21.710000   0.995000   0.048258 
21.775000   0.996000   0.018675 
21.840000   0.996000   -0.001204 
21.905000   0.993000   0.017698 
21.970000   0.993000   0.055083 
22.035000   0.995000   0.061121 
22.100000   0.996000   0.024452 
22.165000   0.997000   -0.027925 
22.230000   0.995000   -0.047264 
22.295000   0.995000   -0.014870 
22.360000   0.987000   0.034575 
22.425000   0.973000   0.078906 
22.490000   0.951000   0.101212 
22.555000   0.914000   0.106483 
22.620000   0.881000   0.104598 
22.685000   0.838000   0.101194 
22.750000   0.791000   0.096325 
22.815000   0.742000   0.090862 
22.880000   0.693000   0.086987 
22.945000   0.641000   0.084648 
23.010000   0.591000   0.082519 
23.075000   0.540000   0.080791 
23.140000   0.490000   0.080495 
23.205000   0.441000   0.080268 
23.270000   0.391000   0.080529 
23.335000   0.339000   0.080652 
23.400000   0.290000   0.082746 
23.465000   0.249000   0.083828 
23.530000   0.222000   0.080599 
23.595000   0.222000   0.077231 
23.660000   0.222000   0.068609 
23.725000   0.222000   0.057875 
23.790000   0.000000   0.009809 
23.855000   0.000000   0.008692 
23.920000   0.000000   0.018605 
23.985000   0.000000   0.017680 
24.050000   0.000000   0.016563 
24.115000   0.000000   0.015987 
24.180000   0.000000   0.015499 
24.245000   0.000000   0.015080 
24.310000   0.000000   0.014923 
24.375000   0.000000   0.014800 
24.440000   0.000000   0.014294 
24.505000   0.000000   0.013945 
24.570000   0.000000   0.013596 
24.635000   0.000000   0.013352 
24.700000   0.000000   0.013090 
24.765000   0.000000   0.012863 
24.830000   0.000000   0.012619 
24.895000   0.000000   0.012392 
24.960000   0.000000   0.012165 
