0.000000   0.000000
0.065000   0.000000
0.130000   0.000000
0.195000   0.000000
0.260000   0.000000
0.325000   0.000000
0.390000   0.000000
0.455000   0.000000
0.520000   0.000000
0.585000   0.000000
0.650000   0.000000
0.715000   0.000000
0.780000   0.000000
0.845000   0.000000
0.910000   0.000000
0.975000   0.000000
1.040000   0.000000
1.105000   0.000000
1.170000   0.000000
1.235000   0.000000
1.300000   0.000000
1.365000   0.000000
1.430000   0.000000
1.495000   0.000000
1.560000   0.000000
1.625000   0.000000
1.690000   0.000000
1.755000   0.000000
1.820000   0.000000
1.885000   0.000000
1.950000   0.000000
2.015000   0.000000
2.080000   0.000000
2.145000   0.000000
2.210000   0.000000
2.275000   0.000000
2.340000   0.000000
2.405000   0.000000
2.470000   0.000000
2.535000   0.000000
2.600000   0.000000
2.665000   0.000000
2.730000   0.000000
2.795000   0.000000
2.860000   0.000000
2.925000   0.000000
2.990000   0.000000
3.055000   0.000000
3.120000   0.000000
3.185000   0.000000
3.250000   0.000000
3.315000   0.000000
3.380000   0.000000
3.445000   0.000000
3.510000   0.000000
3.575000   0.000000
3.640000   0.000000
3.705000   0.000000
3.770000   0.000000
3.835000   0.000000
3.900000   0.000000
3.965000   0.000000
4.030000   0.000000
4.095000   0.000000
4.160000   0.000000
4.225000   0.000000
4.290000   0.000000
4.355000   0.000000
4.420000   0.000000
4.485000   0.000000
4.550000   0.000000
4.615000   0.000000
4.680000   0.000000
4.745000   0.000000
4.810000   0.000000
4.875000   0.000000
4.940000   0.000000
5.005000   0.000000
5.070000   0.000000
5.135000   0.000000
5.200000   0.000000
5.265000   0.000000
5.330000   0.000000
5.395000   0.000000
5.460000   0.000000
5.525000   0.000000
5.590000   0.000000
5.655000   0.000000
5.720000   0.276000
5.785000   0.311000
5.850000   0.349000
5.915000   0.399000
5.980000   0.436000
6.045000   0.468000
6.110000   0.498000
6.175000   0.498000
6.240000   0.498000
6.305000   0.528000
6.370000   0.530000
6.435000   0.530000
6.500000   0.530000
6.565000   0.530000
6.630000   0.530000
6.695000   0.511000
6.760000   0.507000
6.825000   0.503000
6.890000   0.503000
6.955000   0.506000
7.020000   0.508000
7.085000   0.508000
7.150000   0.508000
7.215000   0.508000
7.280000   0.531000
7.345000   0.541000
7.410000   0.551000
7.475000   0.560000
7.540000   0.572000
7.605000   0.582000
7.670000   0.593000
7.735000   0.604000
7.800000   0.615000
7.865000   0.627000
7.930000   0.627000
7.995000   0.627000
8.060000   0.649000
8.125000   0.649000
8.190000   0.669000
8.255000   0.679000
8.320000   0.679000
8.385000   0.700000
8.450000   0.711000
8.515000   0.721000
8.580000   0.729000
8.645000   0.738000
8.710000   0.749000
8.775000   0.759000
8.840000   0.767000
8.905000   0.767000
8.970000   0.767000
9.035000   0.787000
9.100000   0.794000
9.165000   0.801000
9.230000   0.809000
9.295000   0.817000
9.360000   0.825000
9.425000   0.831000
9.490000   0.836000
9.555000   0.842000
9.620000   0.848000
9.685000   0.852000
9.750000   0.859000
9.815000   0.867000
9.880000   0.873000
9.945000   0.878000
10.010000   0.885000
10.075000   0.889000
10.140000   0.896000
10.205000   0.902000
10.270000   0.907000
10.335000   0.909000
10.400000   0.912000
10.465000   0.913000
10.530000   0.915000
10.595000   0.915000
10.660000   0.918000
10.725000   0.921000
10.790000   0.923000
10.855000   0.922000
10.920000   0.923000
10.985000   0.926000
11.050000   0.928000
11.115000   0.929000
11.180000   0.929000
11.245000   0.931000
11.310000   0.935000
11.375000   0.933000
11.440000   0.934000
11.505000   0.934000
11.570000   0.934000
11.635000   0.935000
11.700000   0.937000
11.765000   0.937000
11.830000   0.937000
11.895000   0.938000
11.960000   0.936000
12.025000   0.936000
12.090000   0.936000
12.155000   0.936000
12.220000   0.937000
12.285000   0.939000
12.350000   0.942000
12.415000   0.945000
12.480000   0.946000
12.545000   0.949000
12.610000   0.950000
12.675000   0.953000
12.740000   0.955000
12.805000   0.958000
12.870000   0.959000
12.935000   0.960000
13.000000   0.960000
13.065000   0.960000
13.130000   0.961000
13.195000   0.963000
13.260000   0.965000
13.325000   0.966000
13.390000   0.966000
13.455000   0.967000
13.520000   0.968000
13.585000   0.972000
13.650000   0.975000
13.715000   0.975000
13.780000   0.976000
13.845000   0.972000
13.910000   0.972000
13.975000   0.972000
14.040000   0.972000
14.105000   0.971000
14.170000   0.971000
14.235000   0.971000
14.300000   0.977000
14.365000   0.980000
14.430000   0.983000
14.495000   0.978000
14.560000   0.978000
14.625000   0.977000
14.690000   0.977000
14.755000   0.976000
14.820000   0.975000
14.885000   0.975000
14.950000   0.978000
15.015000   0.979000
15.080000   0.980000
15.145000   0.981000
15.210000   0.981000
15.275000   0.982000
15.340000   0.983000
15.405000   0.989000
15.470000   0.995000
15.535000   1.003000
15.600000   1.018000
15.665000   1.018000
15.730000   1.052000
15.795000   1.074000
15.860000   1.098000
15.925000   1.121000
15.990000   1.149000
16.055000   1.171000
16.120000   1.196000
16.185000   1.217000
16.250000   1.217000
16.315000   1.217000
16.380000   1.217000
16.445000   1.311000
16.510000   1.335000
16.575000   1.357000
16.640000   1.380000
16.705000   1.402000
16.770000   1.421000
16.835000   1.441000
16.900000   1.461000
16.965000   1.481000
17.030000   1.502000
17.095000   1.519000
17.160000   1.535000
17.225000   1.535000
17.290000   1.566000
17.355000   1.581000
17.420000   1.596000
17.485000   1.609000
17.550000   1.621000
17.615000   1.635000
17.680000   1.647000
17.745000   1.656000
17.810000   1.666000
17.875000   1.677000
17.940000   1.686000
18.005000   1.694000
18.070000   1.703000
18.135000   1.713000
18.200000   1.722000
18.265000   1.731000
18.330000   1.742000
18.395000   1.748000
18.460000   1.752000
18.525000   1.758000
18.590000   1.764000
18.655000   1.768000
18.720000   1.773000
18.785000   1.781000
18.850000   1.788000
18.915000   1.788000
18.980000   1.788000
19.045000   1.788000
19.110000   1.808000
19.175000   1.814000
19.240000   1.819000
19.305000   1.823000
19.370000   1.826000
19.435000   1.828000
19.500000   1.834000
19.565000   1.839000
19.630000   1.846000
19.695000   1.847000
19.760000   1.851000
19.825000   1.852000
19.890000   1.854000
19.955000   1.855000
20.020000   1.856000
20.085000   1.860000
20.150000   1.861000
20.215000   1.862000
20.280000   1.865000
20.345000   1.867000
20.410000   1.869000
20.475000   1.870000
20.540000   1.872000
20.605000   1.873000
20.670000   1.876000
20.735000   1.878000
20.800000   1.881000
20.865000   1.885000
20.930000   1.886000
20.995000   1.888000
21.060000   1.891000
21.125000   1.892000
21.190000   1.896000
21.255000   1.900000
21.320000   1.902000
21.385000   1.906000
21.450000   1.909000
21.515000   1.911000
21.580000   1.911000
21.645000   1.913000
21.710000   1.914000
21.775000   1.917000
21.840000   1.918000
21.905000   1.919000
21.970000   1.919000
22.035000   1.919000
22.100000   1.922000
22.165000   1.926000
22.230000   1.927000
22.295000   1.928000
22.360000   1.929000
22.425000   1.929000
22.490000   1.933000
22.555000   1.933000
22.620000   1.935000
22.685000   1.938000
22.750000   1.940000
22.815000   1.942000
22.880000   1.945000
22.945000   1.945000
23.010000   1.947000
23.075000   1.948000
23.140000   1.950000
23.205000   1.953000
23.270000   1.956000
23.335000   1.957000
23.400000   1.959000
23.465000   1.958000
23.530000   1.957000
23.595000   1.959000
23.660000   1.959000
23.725000   1.960000
23.790000   1.960000
23.855000   1.963000
23.920000   1.966000
23.985000   1.967000
24.050000   1.970000
24.115000   1.983000
24.180000   1.981000
24.245000   1.977000
24.310000   1.972000
24.375000   1.969000
24.440000   1.968000
24.505000   1.968000
24.570000   1.963000
24.635000   1.962000
24.700000   1.967000
24.765000   1.968000
24.830000   1.968000
24.895000   1.973000
24.960000   1.974000
25.025000   1.978000
25.090000   1.979000
25.155000   1.983000
25.220000   1.983000
25.285000   1.985000
25.350000   1.991000
25.415000   1.992000
25.480000   1.993000
25.545000   1.992000
25.610000   1.991000
25.675000   1.991000
25.740000   1.992000
25.805000   1.992000
25.870000   1.993000
25.935000   1.998000
26.000000   1.997000
26.065000   1.998000
26.130000   2.001000
26.195000   2.000000
26.260000   2.000000
26.325000   2.003000
26.390000   2.004000
26.455000   2.000000
26.520000   1.998000
26.585000   1.997000
26.650000   1.996000
26.715000   1.995000
26.780000   2.002000
26.845000   2.001000
26.910000   2.001000
26.975000   2.004000
27.040000   2.002000
27.105000   2.000000
27.170000   1.998000
27.235000   1.995000
27.300000   1.995000
27.365000   2.010000
27.430000   2.003000
27.495000   2.000000
27.560000   1.997000
27.625000   1.995000
27.690000   1.992000
27.755000   1.992000
27.820000   1.995000
27.885000   1.996000
27.950000   1.998000
28.015000   1.994000
28.080000   1.993000
28.145000   1.995000
28.210000   1.999000
28.275000   2.000000
28.340000   2.001000
28.405000   2.008000
28.470000   1.995000
28.535000   1.987000
28.600000   1.981000
28.665000   1.979000
28.730000   1.972000
28.795000   1.973000
28.860000   1.976000
28.925000   1.974000
28.990000   1.977000
29.055000   1.989000
29.120000   1.987000
29.185000   1.982000
29.250000   1.981000
29.315000   1.984000
29.380000   1.989000
29.445000   1.992000
29.510000   1.992000
29.575000   1.996000
29.640000   1.997000
29.705000   1.998000
29.770000   2.003000
29.835000   2.006000
29.900000   2.007000
29.965000   2.009000
30.030000   2.004000
30.095000   2.001000
30.160000   1.998000
30.225000   1.999000
30.290000   1.999000
30.355000   1.997000
30.420000   2.004000
30.485000   2.007000
30.550000   2.004000
30.615000   2.001000
30.680000   1.997000
30.745000   1.993000
30.810000   1.992000
30.875000   1.989000
30.940000   1.989000
31.005000   1.987000
31.070000   1.988000
31.135000   1.991000
31.200000   1.992000
31.265000   1.989000
31.330000   1.988000
31.395000   1.989000
31.460000   1.987000
31.525000   1.988000
31.590000   1.985000
31.655000   1.985000
31.720000   1.983000
31.785000   1.965000
31.850000   1.942000
31.915000   1.907000
31.980000   1.876000
32.045000   1.833000
32.110000   1.833000
32.175000   1.748000
32.240000   1.702000
32.305000   1.649000
32.370000   1.595000
32.435000   1.595000
32.500000   1.491000
32.565000   1.440000
32.630000   1.391000
32.695000   1.342000
32.760000   1.342000
32.825000   1.250000
32.890000   1.207000
32.955000   1.160000
33.020000   1.116000
33.085000   1.068000
33.150000   1.022000
33.215000   0.974000
33.280000   0.923000
33.345000   0.874000
33.410000   0.825000
33.475000   0.825000
33.540000   0.730000
33.605000   0.682000
33.670000   0.637000
33.735000   0.593000
33.800000   0.547000
33.865000   0.504000
33.930000   0.461000
33.995000   0.414000
34.060000   0.371000
34.125000   0.324000
34.190000   0.284000
34.255000   0.245000
34.320000   0.203000
34.385000   0.203000
34.450000   0.203000
34.515000   0.203000
34.580000   0.203000
34.645000   0.203000
34.710000   0.000000
34.775000   0.000000
34.840000   0.000000
34.905000   0.000000
34.970000   0.000000
35.035000   0.000000
35.100000   0.000000
35.165000   0.000000
35.230000   0.000000
35.295000   0.000000
35.360000   0.000000
35.425000   0.000000
35.490000   0.000000
35.555000   0.000000
35.620000   0.000000
35.685000   0.000000
35.750000   0.000000
35.815000   0.000000
35.880000   0.000000
35.945000   0.000000
36.010000   0.000000
36.075000   0.000000
36.140000   0.000000
