0.000000   0.000000
0.065000   0.000000
0.130000   0.000000
0.195000   0.000000
0.260000   0.000000
0.325000   0.000000
0.390000   0.000000
0.455000   0.000000
0.520000   0.000000
0.585000   0.000000
0.650000   0.000000
0.715000   0.000000
0.780000   0.000000
0.845000   0.000000
0.910000   0.000000
0.975000   0.000000
1.040000   0.000000
1.105000   0.000000
1.170000   0.000000
1.235000   0.000000
1.300000   0.000000
1.365000   0.000000
1.430000   0.000000
1.495000   0.000000
1.560000   0.000000
1.625000   0.000000
1.690000   0.000000
1.755000   0.000000
1.820000   0.000000
1.885000   0.000000
1.950000   0.000000
2.015000   0.000000
2.080000   0.000000
2.145000   0.000000
2.210000   0.000000
2.275000   0.000000
2.340000   0.000000
2.405000   0.000000
2.470000   0.000000
2.535000   0.000000
2.600000   0.000000
2.665000   0.000000
2.730000   0.000000
2.795000   0.000000
2.860000   0.000000
2.925000   0.000000
2.990000   0.000000
3.055000   0.000000
3.120000   0.000000
3.185000   0.000000
3.250000   0.000000
3.315000   0.000000
3.380000   0.000000
3.445000   0.000000
3.510000   0.000000
3.575000   0.000000
3.640000   0.000000
3.705000   0.000000
3.770000   0.000000
3.835000   0.000000
3.900000   0.000000
3.965000   0.000000
4.030000   0.000000
4.095000   0.000000
4.160000   0.000000
4.225000   0.000000
4.290000   0.000000
4.355000   0.000000
4.420000   0.000000
4.485000   0.000000
4.550000   0.000000
4.615000   0.000000
4.680000   0.000000
4.745000   0.000000
4.810000   0.000000
4.875000   0.000000
4.940000   0.000000
5.005000   0.000000
5.070000   0.000000
5.135000   0.000000
5.200000   0.000000
5.265000   0.278000
5.330000   0.318000
5.395000   0.373000
5.460000   0.421000
5.525000   0.473000
5.590000   0.473000
5.655000   0.473000
5.720000   0.562000
5.785000   0.598000
5.850000   0.635000
5.915000   0.665000
5.980000   0.692000
6.045000   0.723000
6.110000   0.754000
6.175000   0.787000
6.240000   0.823000
6.305000   0.823000
6.370000   0.899000
6.435000   0.940000
6.500000   0.979000
6.565000   1.018000
6.630000   1.054000
6.695000   1.088000
6.760000   1.119000
6.825000   1.146000
6.890000   1.167000
6.955000   1.186000
7.020000   1.200000
7.085000   1.200000
7.150000   1.207000
7.215000   1.199000
7.280000   1.186000
7.345000   1.171000
7.410000   1.171000
7.475000   1.129000
7.540000   1.101000
7.605000   1.067000
7.670000   1.067000
7.735000   0.996000
7.800000   0.956000
7.865000   0.918000
7.930000   0.918000
7.995000   0.850000
8.060000   0.822000
8.125000   0.798000
8.190000   0.798000
8.255000   0.798000
8.320000   0.762000
8.385000   0.762000
8.450000   0.762000
8.515000   0.762000
8.580000   0.762000
8.645000   0.798000
8.710000   0.823000
8.775000   0.854000
8.840000   0.886000
8.905000   0.921000
8.970000   0.959000
9.035000   0.998000
9.100000   0.998000
9.165000   1.072000
9.230000   1.109000
9.295000   1.144000
9.360000   1.173000
9.425000   1.199000
9.490000   1.220000
9.555000   1.238000
9.620000   1.254000
9.685000   1.263000
9.750000   1.269000
9.815000   1.266000
9.880000   1.256000
9.945000   1.241000
10.010000   1.224000
10.075000   1.196000
10.140000   1.165000
10.205000   1.131000
10.270000   1.090000
10.335000   1.090000
10.400000   1.003000
10.465000   1.017000
10.530000   0.938000
10.595000   0.881000
10.660000   0.822000
10.725000   0.822000
10.790000   0.737000
10.855000   0.707000
10.920000   0.686000
10.985000   0.674000
11.050000   0.671000
11.115000   0.674000
11.180000   0.689000
11.245000   0.711000
11.310000   0.734000
11.375000   0.759000
11.440000   0.784000
11.505000   0.807000
11.570000   0.832000
11.635000   0.854000
11.700000   0.872000
11.765000   0.894000
11.830000   0.915000
11.895000   0.935000
11.960000   0.956000
12.025000   0.980000
12.090000   1.008000
12.155000   1.008000
12.220000   1.061000
12.285000   1.088000
12.350000   1.116000
12.415000   1.140000
12.480000   1.164000
12.545000   1.187000
12.610000   1.208000
12.675000   1.224000
12.740000   1.236000
12.805000   1.246000
12.870000   1.248000
12.935000   1.247000
13.000000   1.240000
13.065000   1.226000
13.130000   1.212000
13.195000   1.188000
13.260000   1.166000
13.325000   1.144000
13.390000   1.124000
13.455000   1.101000
13.520000   1.079000
13.585000   1.057000
13.650000   1.057000
13.715000   1.009000
13.780000   0.987000
13.845000   0.963000
13.910000   0.936000
13.975000   0.909000
14.040000   0.882000
14.105000   0.856000
14.170000   0.831000
14.235000   0.809000
14.300000   0.789000
14.365000   0.789000
14.430000   0.765000
14.495000   0.760000
14.560000   0.762000
14.625000   0.762000
14.690000   0.785000
14.755000   0.802000
14.820000   0.828000
14.885000   0.852000
14.950000   0.882000
15.015000   0.914000
15.080000   0.945000
15.145000   0.980000
15.210000   1.017000
15.275000   1.052000
15.340000   1.087000
15.405000   1.121000
15.470000   1.160000
15.535000   1.198000
15.600000   1.236000
15.665000   1.273000
15.730000   1.309000
15.795000   1.344000
15.860000   1.375000
15.925000   1.405000
15.990000   1.425000
16.055000   1.441000
16.120000   1.453000
16.185000   1.453000
16.250000   1.451000
16.315000   1.443000
16.380000   1.426000
16.445000   1.403000
16.510000   1.375000
16.575000   1.348000
16.640000   1.322000
16.705000   1.296000
16.770000   1.245000
16.835000   1.220000
16.900000   1.193000
16.965000   1.163000
17.030000   1.135000
17.095000   1.108000
17.160000   1.081000
17.225000   1.055000
17.290000   1.055000
17.355000   1.011000
17.420000   0.993000
17.485000   0.981000
17.550000   0.976000
17.615000   0.977000
17.680000   0.985000
17.745000   0.985000
17.810000   1.011000
17.875000   1.011000
17.940000   1.059000
18.005000   1.086000
18.070000   1.115000
18.135000   1.144000
18.200000   1.175000
18.265000   1.204000
18.330000   1.235000
18.395000   1.263000
18.460000   1.263000
18.525000   1.310000
18.590000   1.329000
18.655000   1.345000
18.720000   1.355000
18.785000   1.361000
18.850000   1.363000
18.915000   1.362000
18.980000   1.358000
19.045000   1.348000
19.110000   1.338000
19.175000   1.338000
19.240000   1.301000
19.305000   1.301000
19.370000   1.256000
19.435000   1.232000
19.500000   1.208000
19.565000   1.183000
19.630000   1.161000
19.695000   1.140000
19.760000   1.119000
19.825000   1.100000
19.890000   1.087000
19.955000   1.078000
20.020000   1.070000
20.085000   1.067000
20.150000   1.070000
20.215000   1.077000
20.280000   1.086000
20.345000   1.099000
20.410000   1.111000
20.475000   1.128000
20.540000   1.146000
20.605000   1.164000
20.670000   1.186000
20.735000   1.206000
20.800000   1.224000
20.865000   1.243000
20.930000   1.258000
20.995000   1.271000
21.060000   1.271000
21.125000   1.271000
21.190000   1.299000
21.255000   1.306000
21.320000   1.308000
21.385000   1.309000
21.450000   1.304000
21.515000   1.299000
21.580000   1.299000
21.645000   1.277000
21.710000   1.264000
21.775000   1.249000
21.840000   1.233000
21.905000   1.217000
21.970000   1.199000
22.035000   1.185000
22.100000   1.171000
22.165000   1.157000
22.230000   1.145000
22.295000   1.135000
22.360000   1.126000
22.425000   1.119000
22.490000   1.113000
22.555000   1.112000
22.620000   1.115000
22.685000   1.118000
22.750000   1.125000
22.815000   1.135000
22.880000   1.143000
22.945000   1.153000
23.010000   1.164000
23.075000   1.177000
23.140000   1.190000
23.205000   1.201000
23.270000   1.213000
23.335000   1.225000
23.400000   1.236000
23.465000   1.244000
23.530000   1.251000
23.595000   1.260000
23.660000   1.266000
23.725000   1.267000
23.790000   1.266000
23.855000   1.265000
23.920000   1.260000
23.985000   1.255000
24.050000   1.252000
24.115000   1.245000
24.180000   1.237000
24.245000   1.228000
24.310000   1.219000
24.375000   1.210000
24.440000   1.198000
24.505000   1.191000
24.570000   1.182000
24.635000   1.173000
24.700000   1.165000
24.765000   1.160000
24.830000   1.154000
24.895000   1.152000
24.960000   1.148000
25.025000   1.149000
25.090000   1.149000
25.155000   1.155000
25.220000   1.158000
25.285000   1.161000
25.350000   1.170000
25.415000   1.179000
25.480000   1.186000
25.545000   1.194000
25.610000   1.199000
25.675000   1.206000
25.740000   1.213000
25.805000   1.218000
25.870000   1.224000
25.935000   1.227000
26.000000   1.228000
26.065000   1.232000
26.130000   1.232000
26.195000   1.232000
26.260000   1.230000
26.325000   1.226000
26.390000   1.222000
26.455000   1.220000
26.520000   1.214000
26.585000   1.210000
26.650000   1.204000
26.715000   1.203000
26.780000   1.198000
26.845000   1.193000
26.910000   1.187000
26.975000   1.185000
27.040000   1.182000
27.105000   1.183000
27.170000   1.181000
27.235000   1.179000
27.300000   1.179000
27.365000   1.179000
27.430000   1.179000
27.495000   1.180000
27.560000   1.182000
27.625000   1.184000
27.690000   1.185000
27.755000   1.190000
27.820000   1.193000
27.885000   1.197000
27.950000   1.199000
28.015000   1.204000
28.080000   1.208000
28.145000   1.208000
28.210000   1.210000
28.275000   1.214000
28.340000   1.218000
28.405000   1.219000
28.470000   1.219000
28.535000   1.220000
28.600000   1.221000
28.665000   1.221000
28.730000   1.218000
28.795000   1.215000
28.860000   1.214000
28.925000   1.210000
28.990000   1.210000
29.055000   1.202000
29.120000   1.198000
29.185000   1.198000
29.250000   1.198000
29.315000   1.198000
29.380000   1.198000
29.445000   1.198000
29.510000   1.198000
29.575000   1.198000
29.640000   1.177000
29.705000   1.174000
29.770000   1.173000
29.835000   1.172000
29.900000   1.170000
29.965000   1.169000
30.030000   1.168000
30.095000   1.170000
30.160000   1.172000
30.225000   1.174000
30.290000   1.178000
30.355000   1.180000
30.420000   1.184000
30.485000   1.189000
30.550000   1.193000
30.615000   1.195000
30.680000   1.199000
30.745000   1.202000
30.810000   1.211000
30.875000   1.213000
30.940000   1.216000
31.005000   1.218000
31.070000   1.220000
31.135000   1.221000
31.200000   1.222000
31.265000   1.222000
31.330000   1.220000
31.395000   1.218000
31.460000   1.222000
31.525000   1.220000
31.590000   1.217000
31.655000   1.215000
31.720000   1.211000
31.785000   1.207000
31.850000   1.202000
31.915000   1.203000
31.980000   1.200000
32.045000   1.197000
32.110000   1.195000
32.175000   1.193000
32.240000   1.193000
32.305000   1.192000
32.370000   1.190000
32.435000   1.188000
32.500000   1.186000
32.565000   1.185000
32.630000   1.186000
32.695000   1.188000
32.760000   1.190000
32.825000   1.189000
32.890000   1.191000
32.955000   1.193000
33.020000   1.194000
33.085000   1.196000
33.150000   1.198000
33.215000   1.201000
33.280000   1.202000
33.345000   1.203000
33.410000   1.203000
33.475000   1.206000
33.540000   1.205000
33.605000   1.206000
33.670000   1.209000
33.735000   1.206000
33.800000   1.207000
33.865000   1.209000
33.930000   1.208000
33.995000   1.206000
34.060000   1.207000
34.125000   1.215000
34.190000   1.209000
34.255000   1.206000
34.320000   1.204000
34.385000   1.204000
34.450000   1.201000
34.515000   1.203000
34.580000   1.199000
34.645000   1.197000
34.710000   1.197000
34.775000   1.195000
34.840000   1.194000
34.905000   1.194000
34.970000   1.194000
35.035000   1.196000
35.100000   1.195000
35.165000   1.195000
35.230000   1.196000
35.295000   1.197000
35.360000   1.198000
35.425000   1.199000
35.490000   1.199000
35.555000   1.199000
35.620000   1.201000
35.685000   1.202000
35.750000   1.204000
35.815000   1.203000
35.880000   1.203000
35.945000   1.203000
36.010000   1.204000
36.075000   1.203000
36.140000   1.204000
36.205000   1.204000
36.270000   1.203000
36.335000   1.203000
36.400000   1.201000
36.465000   1.200000
36.530000   1.199000
36.595000   1.199000
36.660000   1.199000
36.725000   1.198000
36.790000   1.197000
36.855000   1.198000
36.920000   1.197000
36.985000   1.197000
37.050000   1.195000
37.115000   1.194000
37.180000   1.193000
37.245000   1.194000
37.310000   1.194000
37.375000   1.196000
37.440000   1.196000
37.505000   1.195000
37.570000   1.197000
37.635000   1.197000
37.700000   1.195000
37.765000   1.195000
37.830000   1.195000
37.895000   1.197000
37.960000   1.199000
38.025000   1.199000
38.090000   1.201000
38.155000   1.201000
38.220000   1.203000
38.285000   1.203000
38.350000   1.203000
38.415000   1.203000
38.480000   1.203000
38.545000   1.203000
38.610000   1.205000
38.675000   1.204000
38.740000   1.204000
38.805000   1.204000
38.870000   1.204000
38.935000   1.202000
39.000000   1.199000
39.065000   1.199000
39.130000   1.200000
39.195000   1.198000
39.260000   1.198000
39.325000   1.199000
39.390000   1.197000
39.455000   1.196000
39.520000   1.196000
39.585000   1.195000
39.650000   1.195000
39.715000   1.195000
39.780000   1.196000
39.845000   1.196000
39.910000   1.197000
39.975000   1.196000
40.040000   1.198000
40.105000   1.199000
40.170000   1.200000
40.235000   1.200000
40.300000   1.201000
40.365000   1.200000
40.430000   1.202000
40.495000   1.202000
40.560000   1.202000
40.625000   1.202000
40.690000   1.202000
40.755000   1.202000
40.820000   1.203000
40.885000   1.204000
40.950000   1.204000
41.015000   1.205000
41.080000   1.204000
41.145000   1.204000
41.210000   1.202000
41.275000   1.202000
41.340000   1.203000
41.405000   1.202000
41.470000   1.202000
41.535000   1.203000
41.600000   1.202000
41.665000   1.203000
41.730000   1.202000
41.795000   1.201000
41.860000   1.201000
41.925000   1.199000
41.990000   1.199000
42.055000   1.199000
42.120000   1.198000
42.185000   1.198000
42.250000   1.198000
42.315000   1.198000
42.380000   1.199000
42.445000   1.199000
42.510000   1.199000
42.575000   1.200000
42.640000   1.198000
42.705000   1.198000
42.770000   1.201000
42.835000   1.202000
42.900000   1.202000
42.965000   1.204000
43.030000   1.205000
43.095000   1.205000
43.160000   1.205000
43.225000   1.206000
43.290000   1.206000
43.355000   1.206000
43.420000   1.208000
43.485000   1.209000
43.550000   1.209000
43.615000   1.207000
43.680000   1.185000
43.745000   1.164000
43.810000   1.138000
43.875000   1.097000
43.940000   1.057000
44.005000   1.012000
44.070000   0.968000
44.135000   0.918000
44.200000   0.868000
44.265000   0.817000
44.330000   0.817000
44.395000   0.719000
44.460000   0.670000
44.525000   0.628000
44.590000   0.580000
44.655000   0.531000
44.720000   0.481000
44.785000   0.431000
44.850000   0.381000
44.915000   0.330000
44.980000   0.285000
45.045000   0.239000
45.110000   0.209000
45.175000   0.209000
45.240000   0.209000
45.305000   0.000000
45.370000   0.000000
45.435000   0.000000
45.500000   0.000000
45.565000   0.000000
45.630000   0.000000
45.695000   0.000000
45.760000   0.000000
45.825000   0.000000
45.890000   0.000000
45.955000   0.000000
46.020000   0.000000
46.085000   0.000000
46.150000   0.000000
46.215000   0.000000
46.280000   0.000000
46.345000   0.000000
46.410000   0.000000
46.475000   0.000000
46.540000   0.000000
46.605000   0.000000
46.670000   0.000000
46.735000   0.000000
46.800000   0.000000
46.865000   0.000000
46.930000   0.000000
46.995000   0.000000
47.060000   0.000000
