0.000000   0.000000   0.000000 
0.065000   0.000000   0.000000 
0.130000   0.000000   0.000000 
0.195000   0.000000   0.000000 
0.260000   0.000000   0.000000 
0.325000   0.000000   0.000000 
0.390000   0.000000   0.000000 
0.455000   0.000000   0.000000 
0.520000   0.000000   0.000000 
0.585000   0.000000   0.000000 
0.650000   0.000000   0.000000 
0.715000   0.000000   0.001763 
0.780000   0.000000   0.001623 
0.845000   0.000000   0.001780 
0.910000   0.000000   0.001780 
0.975000   0.000000   0.001676 
1.040000   0.000000   0.001588 
1.105000   0.000000   0.001466 
1.170000   0.000000   0.001379 
1.235000   0.000000   0.001396 
1.300000   0.000000   0.000035 
1.365000   0.000000   -0.000140 
1.430000   0.000000   -0.000332 
1.495000   0.000000   -0.000541 
1.560000   0.000000   -0.000611 
1.625000   0.000000   -0.000733 
1.690000   0.000000   -0.000873 
1.755000   0.000000   -0.000995 
1.820000   0.000000   -0.001187 
1.885000   0.000000   -0.001222 
1.950000   0.000000   -0.001274 
2.015000   0.000000   -0.001484 
2.080000   0.000000   -0.001641 
2.145000   0.000000   -0.001588 
2.210000   0.000000   -0.001588 
2.275000   0.000000   -0.001518 
2.340000   0.000000   -0.001257 
2.405000   0.000000   -0.001065 
2.470000   0.000000   -0.001134 
2.535000   0.000000   -0.001204 
2.600000   0.000000   -0.001204 
2.665000   0.000000   -0.001204 
2.730000   0.000000   -0.001047 
2.795000   0.000000   -0.001065 
2.860000   0.000000   -0.000942 
2.925000   0.000000   -0.001065 
2.990000   0.000000   -0.000733 
3.055000   0.000000   -0.000628 
3.120000   0.000000   -0.000663 
3.185000   0.000000   -0.000489 
3.250000   0.000000   -0.000506 
3.315000   0.000000   -0.000209 
3.380000   0.000000   -0.000070 
3.445000   0.000000   0.000384 
3.510000   0.000000   0.000105 
3.575000   0.000000   0.000576 
3.640000   0.000000   0.000349 
3.705000   0.000000   0.000908 
3.770000   0.000000   0.001309 
3.835000   0.000000   0.001012 
3.900000   0.000000   0.001379 
3.965000   0.000000   0.000681 
4.030000   0.000000   0.001169 
4.095000   0.000000   0.000681 
4.160000   0.000000   0.001449 
4.225000   0.000000   0.000611 
4.290000   0.000000   0.001117 
4.355000   0.000000   0.001100 
4.420000   0.000000   0.000436 
4.485000   0.000000   0.000820 
4.550000   0.000000   -0.000157 
4.615000   0.000000   -0.002007 
4.680000   0.000000   0.001152 
4.745000   0.000000   -0.000995 
4.810000   0.000000   -0.004433 
4.875000   0.000000   -0.011694 
4.940000   0.000000   -0.017767 
5.005000   0.000000   -0.017767 
5.070000   0.000000   -0.016476 
5.135000   0.000000   -0.014050 
5.200000   0.000000   -0.008674 
5.265000   0.000000   -0.010856 
5.330000   0.000000   -0.004171 
5.395000   0.000000   0.007086 
5.460000   0.000000   0.017506 
5.525000   0.279000   0.025325 
5.590000   0.321000   0.032393 
5.655000   0.364000   0.036844 
5.720000   0.417000   0.037071 
5.785000   0.465000   0.033109 
5.850000   0.511000   0.026093 
5.915000   0.553000   0.018710 
5.980000   0.582000   0.011694 
6.045000   0.607000   0.008203 
6.110000   0.627000   0.004259 
6.175000   0.642000   0.002356 
6.240000   0.652000   0.001344 
6.305000   0.664000   -0.000489 
6.370000   0.672000   -0.000942 
6.435000   0.682000   -0.000314 
6.500000   0.689000   -0.000332 
6.565000   0.698000   0.000000 
6.630000   0.707000   0.001449 
6.695000   0.714000   0.002269 
6.760000   0.722000   0.004817 
6.825000   0.731000   0.006405 
6.890000   0.741000   0.006021 
6.955000   0.751000   0.004049 
7.020000   0.763000   0.003910 
7.085000   0.763000   0.004608 
7.150000   0.789000   0.004817 
7.215000   0.804000   0.003805 
7.280000   0.817000   0.004625 
7.345000   0.828000   0.005323 
7.410000   0.838000   0.006213 
7.475000   0.849000   0.006336 
7.540000   0.857000   0.006109 
7.605000   0.869000   0.004747 
7.670000   0.881000   0.004712 
7.735000   0.893000   0.004765 
7.800000   0.901000   0.005917 
7.865000   0.910000   0.006528 
7.930000   0.920000   0.006440 
7.995000   0.926000   0.006074 
8.060000   0.934000   0.004433 
8.125000   0.939000   0.003578 
8.190000   0.946000   0.003595 
8.255000   0.953000   0.002321 
8.320000   0.960000   0.002635 
8.385000   0.969000   0.001745 
8.450000   0.971000   0.001763 
8.515000   0.975000   0.000942 
8.580000   0.978000   -0.000367 
8.645000   0.981000   0.000908 
8.710000   0.981000   0.002129 
8.775000   0.984000   0.001920 
8.840000   0.983000   0.002723 
8.905000   0.983000   0.003438 
8.970000   0.984000   0.003072 
9.035000   0.984000   0.003072 
9.100000   0.984000   0.003002 
9.165000   0.984000   0.003997 
9.230000   0.982000   0.003037 
9.295000   0.987000   0.002932 
9.360000   0.990000   0.002793 
9.425000   0.991000   0.002932 
9.490000   0.991000   0.002548 
9.555000   0.992000   0.003718 
9.620000   0.993000   0.004887 
9.685000   0.991000   0.004974 
9.750000   0.991000   0.005027 
9.815000   0.992000   0.003892 
9.880000   0.992000   0.002827 
9.945000   0.991000   0.003002 
10.010000   0.992000   0.004381 
10.075000   0.991000   0.002566 
10.140000   0.993000   0.002880 
10.205000   0.990000   0.002601 
10.270000   0.989000   0.004992 
10.335000   0.987000   0.026093 
10.400000   0.985000   0.057386 
10.465000   0.985000   0.066567 
10.530000   0.986000   0.037891 
10.595000   0.986000   -0.016301 
10.660000   0.981000   -0.075259 
10.725000   0.977000   -0.116693 
10.790000   0.977000   -0.124634 
10.855000   0.980000   -0.092869 
10.920000   0.984000   -0.031276 
10.985000   0.986000   0.042359 
11.050000   0.994000   0.102660 
11.115000   0.996000   0.131319 
11.180000   0.997000   0.120201 
11.245000   0.996000   0.070215 
11.310000   0.993000   0.000192 
11.375000   0.988000   -0.066654 
11.440000   0.985000   -0.109799 
11.505000   0.984000   -0.114651 
11.570000   0.988000   -0.079500 
11.635000   0.990000   -0.017907 
11.700000   0.996000   0.050196 
11.765000   1.002000   0.104231 
11.830000   1.005000   0.126816 
11.895000   1.008000   0.115209 
11.960000   1.007000   0.065066 
12.025000   1.003000   -0.006196 
12.090000   0.996000   -0.072815 
12.155000   0.989000   -0.116605 
12.220000   0.984000   -0.116466 
12.285000   0.985000   -0.072885 
12.350000   0.986000   -0.004451 
12.415000   0.994000   0.063827 
12.480000   1.000000   0.109886 
12.545000   1.003000   0.121143 
12.610000   1.006000   0.091996 
12.675000   1.006000   0.031730 
12.740000   0.999000   -0.037298 
12.805000   0.993000   -0.095592 
12.870000   0.988000   -0.126781 
12.935000   0.987000   -0.115401 
13.000000   0.987000   -0.061837 
13.065000   0.989000   0.010350 
13.130000   1.004000   0.079308 
13.195000   1.006000   0.124425 
13.260000   1.004000   0.127950 
13.325000   1.001000   0.087982 
13.390000   0.997000   0.022794 
13.455000   0.991000   -0.048939 
13.520000   0.987000   -0.101194 
13.585000   0.984000   -0.118665 
13.650000   0.985000   -0.095243 
13.715000   0.988000   -0.037210 
13.780000   0.993000   0.032166 
13.845000   0.999000   0.091141 
13.910000   1.005000   0.124093 
13.975000   1.010000   0.115523 
14.040000   1.009000   0.068731 
14.105000   1.010000   -0.001676 
14.170000   1.005000   -0.070773 
14.235000   1.001000   -0.116763 
14.300000   1.001000   -0.128613 
14.365000   0.999000   -0.094370 
14.430000   0.997000   -0.029915 
14.495000   1.001000   0.040893 
14.560000   1.001000   0.040893 
14.625000   1.001000   0.040893 
14.690000   1.017000   0.118002 
14.755000   1.017000   0.078278 
14.820000   1.016000   0.012776 
14.885000   1.011000   -0.056426 
14.950000   1.009000   -0.103428 
15.015000   1.003000   -0.110095 
15.080000   1.001000   -0.071140 
15.145000   1.000000   -0.009076 
15.210000   1.006000   0.055519 
15.275000   1.009000   0.102974 
15.340000   1.009000   0.102974 
15.405000   1.013000   0.088034 
15.470000   1.013000   0.029409 
15.535000   1.010000   -0.042359 
15.600000   1.002000   -0.101770 
15.665000   0.999000   -0.131336 
15.730000   0.996000   -0.119189 
15.795000   0.997000   -0.071925 
15.860000   1.000000   -0.005707 
15.925000   1.001000   0.060999 
15.990000   1.003000   0.106325 
16.055000   1.008000   0.113900 
16.120000   1.008000   0.113900 
16.185000   1.008000   0.113900 
16.250000   1.008000   0.113900 
16.315000   1.001000   -0.111212 
16.380000   1.001000   -0.111212 
16.445000   0.996000   -0.125507 
16.510000   0.996000   -0.071873 
16.575000   1.001000   0.000750 
16.640000   1.006000   0.067352 
16.705000   1.008000   0.108141 
16.770000   1.013000   0.108664 
16.835000   1.013000   0.069115 
16.900000   1.011000   0.005882 
16.965000   1.006000   -0.060895 
17.030000   1.001000   -0.108751 
17.095000   1.001000   -0.108751 
17.160000   0.994000   -0.088052 
17.225000   0.995000   -0.027018 
17.290000   1.002000   0.042499 
17.355000   1.003000   0.100845 
17.420000   1.003000   0.128299 
17.485000   1.007000   0.112853 
17.550000   1.005000   0.059586 
17.615000   0.999000   -0.011048 
17.680000   0.991000   -0.075817 
17.745000   0.985000   -0.116396 
17.810000   0.981000   -0.117042 
17.875000   0.978000   -0.075102 
17.940000   0.978000   -0.010193 
18.005000   0.987000   0.057072 
18.070000   0.993000   0.109205 
18.135000   0.996000   0.125978 
18.200000   0.994000   0.102486 
18.265000   0.993000   0.045413 
18.330000   0.987000   -0.025133 
18.395000   0.982000   -0.085504 
18.460000   0.976000   -0.116117 
18.525000   0.974000   -0.105889 
18.590000   0.972000   -0.056584 
18.655000   0.977000   0.009442 
18.720000   0.979000   0.073286 
18.785000   0.985000   0.114878 
18.850000   0.991000   0.120637 
18.915000   0.993000   0.087424 
18.980000   0.993000   0.023457 
19.045000   0.987000   -0.046391 
19.110000   0.985000   -0.103376 
19.175000   0.982000   -0.127444 
19.240000   0.982000   -0.110200 
19.305000   0.986000   -0.058416 
19.370000   0.992000   0.011153 
19.435000   0.995000   0.077720 
19.500000   1.004000   0.120218 
19.565000   1.006000   0.122941 
19.630000   1.007000   0.082851 
19.695000   1.000000   0.015691 
19.760000   0.996000   -0.057369 
19.825000   0.990000   -0.110322 
19.890000   0.986000   -0.124913 
19.955000   0.985000   -0.097110 
20.020000   0.990000   -0.037141 
20.085000   0.994000   0.034907 
20.150000   1.004000   0.096726 
20.215000   1.003000   0.129451 
20.280000   1.003000   0.118455 
20.345000   1.003000   0.069028 
20.410000   0.999000   -0.000942 
20.475000   0.997000   -0.068225 
20.540000   0.992000   -0.111649 
20.605000   0.988000   -0.115733 
20.670000   0.990000   -0.079866 
20.735000   0.990000   -0.079866 
20.800000   0.997000   0.049393 
20.865000   1.003000   0.102957 
20.930000   1.008000   0.123918 
20.995000   1.009000   0.101683 
21.060000   1.009000   0.043406 
21.125000   1.003000   -0.029531 
21.190000   1.000000   -0.093096 
21.255000   0.995000   -0.125978 
21.320000   0.993000   -0.118543 
21.385000   0.995000   -0.074107 
21.450000   0.995000   -0.074107 
21.515000   0.995000   -0.074107 
21.580000   1.017000   0.102590 
21.645000   1.019000   0.116745 
21.710000   1.021000   0.093148 
21.775000   1.022000   0.035151 
21.840000   1.018000   -0.035779 
21.905000   1.018000   -0.035779 
21.970000   1.009000   -0.120777 
22.035000   1.008000   -0.104720 
22.100000   1.014000   -0.053808 
22.165000   1.017000   0.014573 
22.230000   1.021000   0.078784 
22.295000   1.021000   0.117181 
22.360000   1.021000   0.118717 
22.425000   1.021000   0.085329 
22.490000   1.021000   0.036896 
22.555000   1.021000   -0.021729 
22.620000   1.021000   -0.076219 
22.685000   1.017000   -0.098838 
22.750000   1.015000   -0.080791 
22.815000   1.012000   -0.029025 
22.880000   1.011000   0.036128 
22.945000   1.010000   0.092380 
23.010000   1.013000   0.120306 
23.075000   1.014000   0.109066 
23.140000   1.013000   0.060511 
23.205000   1.015000   -0.009390 
23.270000   1.014000   -0.076550 
23.335000   1.012000   -0.121946 
23.400000   1.010000   -0.126501 
23.465000   1.008000   -0.089884 
23.530000   1.009000   -0.025621 
23.595000   1.011000   0.043878 
23.660000   1.015000   0.097494 
23.725000   1.019000   0.120463 
23.790000   1.017000   0.101840 
23.855000   1.021000   0.047857 
23.920000   1.021000   -0.023161 
23.985000   1.023000   -0.087965 
24.050000   1.023000   -0.127392 
24.115000   1.021000   -0.125960 
24.180000   1.005000   -0.091595 
24.245000   0.980000   -0.043529 
24.310000   0.940000   0.006545 
24.375000   0.955000   0.047490 
24.440000   0.918000   0.076236 
24.505000   0.877000   0.093986 
24.570000   0.841000   0.101002 
24.635000   0.798000   0.102748 
24.700000   0.756000   0.099641 
24.765000   0.711000   0.096150 
24.830000   0.663000   0.094387 
24.895000   0.615000   0.094283 
24.960000   0.568000   0.095208 
25.025000   0.568000   0.094702 
25.090000   0.466000   0.091682 
25.155000   0.466000   0.091682 
25.220000   0.365000   0.085923 
25.285000   0.316000   0.081664 
25.350000   0.316000   0.075538 
25.415000   0.226000   0.069674 
25.480000   0.226000   0.055851 
25.545000   0.226000   0.040911 
25.610000   0.226000   0.033022 
25.675000   0.226000   0.028414 
25.740000   0.226000   0.020054 
25.805000   0.000000   -0.034226 
25.870000   0.000000   0.002566 
25.935000   0.000000   0.018483 
26.000000   0.000000   0.018064 
26.065000   0.000000   0.017541 
26.130000   0.000000   0.016825 
26.195000   0.000000   0.015952 
26.260000   0.000000   0.015324 
26.325000   0.000000   0.014591 
26.390000   0.000000   0.013910 
26.455000   0.000000   0.013177 
26.520000   0.000000   0.012357 
26.585000   0.000000   0.011659 
26.650000   0.000000   0.011065 
26.715000   0.000000   0.010577 
26.780000   0.000000   0.009844 
26.845000   0.000000   0.009355 
26.910000   0.000000   0.008709 
26.975000   0.000000   0.008133 
27.040000   0.000000   0.007610 
27.105000   0.000000   0.007261 
27.170000   0.000000   0.006789 
27.235000   0.000000   0.006318 
