0.000000   0.000000   0.000000 
0.065000   0.000000   0.000000 
0.130000   0.000000   0.000000 
0.195000   0.000000   0.000000 
0.260000   0.000000   0.000000 
0.325000   0.000000   0.000000 
0.390000   0.000000   0.000000 
0.455000   0.000000   0.000000 
0.520000   0.000000   0.000000 
0.585000   0.000000   0.000000 
0.650000   0.000000   0.000000 
0.715000   0.000000   -0.018448 
0.780000   0.000000   -0.018448 
0.845000   0.000000   -0.018413 
0.910000   0.000000   -0.018413 
0.975000   0.000000   -0.018431 
1.040000   0.000000   -0.018396 
1.105000   0.000000   -0.018396 
1.170000   0.000000   -0.018326 
1.235000   0.000000   -0.018361 
1.300000   0.000000   0.000000 
1.365000   0.000000   0.000000 
1.430000   0.000000   0.000035 
1.495000   0.000000   0.000035 
1.560000   0.000000   0.000017 
1.625000   0.000000   -0.000017 
1.690000   0.000000   0.000000 
1.755000   0.000000   -0.000017 
1.820000   0.000000   0.000000 
1.885000   0.000000   0.000000 
1.950000   0.000000   0.000000 
2.015000   0.000000   -0.000035 
2.080000   0.000000   -0.000052 
2.145000   0.000000   -0.000122 
2.210000   0.000000   -0.000140 
2.275000   0.000000   -0.000192 
2.340000   0.000000   -0.000157 
2.405000   0.000000   -0.000070 
2.470000   0.000000   -0.000070 
2.535000   0.000000   -0.000052 
2.600000   0.000000   -0.000052 
2.665000   0.000000   -0.000052 
2.730000   0.000000   -0.000052 
2.795000   0.000000   -0.000035 
2.860000   0.000000   -0.000052 
2.925000   0.000000   -0.000070 
2.990000   0.000000   0.000052 
3.055000   0.000000   -0.000122 
3.120000   0.000000   0.000349 
3.185000   0.000000   0.000209 
3.250000   0.000000   0.000332 
3.315000   0.000000   0.000436 
3.380000   0.000000   0.000367 
3.445000   0.000000   0.000506 
3.510000   0.000000   0.000419 
3.575000   0.000000   0.000646 
3.640000   0.000000   0.000454 
3.705000   0.000000   0.000663 
3.770000   0.000000   0.000681 
3.835000   0.000000   0.000576 
3.900000   0.000000   0.000750 
3.965000   0.000000   0.000820 
4.030000   0.000000   0.000838 
4.095000   0.000000   0.000820 
4.160000   0.000000   0.000820 
4.225000   0.000000   0.000820 
4.290000   0.000000   0.000942 
4.355000   0.000000   0.000593 
4.420000   0.000000   0.000628 
4.485000   0.000000   0.000436 
4.550000   0.000000   0.000140 
4.615000   0.000000   0.000593 
4.680000   0.000000   0.001257 
4.745000   0.000000   0.000419 
4.810000   0.000000   0.001693 
4.875000   0.000000   0.000716 
4.940000   0.000000   0.001920 
5.005000   0.000000   0.001501 
5.070000   0.000000   0.005393 
5.135000   0.000000   0.009320 
5.200000   0.000000   0.006912 
5.265000   0.000000   0.003822 
5.330000   0.000000   -0.002740 
5.395000   0.000000   -0.010245 
5.460000   0.000000   -0.011065 
5.525000   0.000000   -0.006161 
5.590000   0.000000   0.000873 
5.655000   0.000000   0.015708 
5.720000   0.000000   0.024208 
5.785000   0.000000   0.031974 
5.850000   0.287000   0.040928 
5.915000   0.321000   0.049672 
5.980000   0.378000   0.057090 
6.045000   0.435000   0.060231 
6.110000   0.484000   0.059097 
6.175000   0.532000   0.051854 
6.240000   0.574000   0.039462 
6.305000   0.611000   0.026808 
6.370000   0.641000   0.015935 
6.435000   0.669000   0.010751 
6.500000   0.693000   0.008046 
6.565000   0.712000   0.006301 
6.630000   0.730000   0.005411 
6.695000   0.746000   0.004224 
6.760000   0.759000   0.001239 
6.825000   0.759000   -0.002374 
6.890000   0.759000   -0.004171 
6.955000   0.793000   -0.005690 
7.020000   0.803000   -0.005271 
7.085000   0.809000   -0.004590 
7.150000   0.819000   -0.002653 
7.215000   0.824000   -0.001292 
7.280000   0.832000   -0.001134 
7.345000   0.840000   -0.000506 
7.410000   0.846000   0.000890 
7.475000   0.852000   0.001990 
7.540000   0.855000   0.004904 
7.605000   0.862000   0.004747 
7.670000   0.864000   0.005271 
7.735000   0.869000   0.006353 
7.800000   0.872000   0.004608 
7.865000   0.874000   0.002985 
7.930000   0.876000   -0.000192 
7.995000   0.878000   -0.002042 
8.060000   0.881000   -0.002321 
8.125000   0.883000   -0.001937 
8.190000   0.887000   -0.000995 
8.255000   0.890000   -0.000890 
8.320000   0.894000   -0.000628 
8.385000   0.897000   0.000820 
8.450000   0.903000   0.001763 
8.515000   0.906000   0.001850 
8.580000   0.910000   0.002915 
8.645000   0.916000   0.003438 
8.710000   0.920000   0.002670 
8.775000   0.926000   0.002025 
8.840000   0.932000   -0.000646 
8.905000   0.936000   -0.001780 
8.970000   0.940000   -0.002443 
9.035000   0.945000   -0.001920 
9.100000   0.947000   0.000070 
9.165000   0.950000   0.001937 
9.230000   0.952000   0.003299 
9.295000   0.955000   0.004520 
9.360000   0.958000   0.004817 
9.425000   0.961000   0.005341 
9.490000   0.964000   0.005707 
9.555000   0.968000   0.006912 
9.620000   0.969000   0.006021 
9.685000   0.972000   0.004067 
9.750000   0.976000   0.003159 
9.815000   0.978000   0.003124 
9.880000   0.978000   0.002478 
9.945000   0.980000   0.002409 
10.010000   0.981000   0.003787 
10.075000   0.982000   0.005515 
10.140000   0.985000   0.007295 
10.205000   0.986000   0.007051 
10.270000   0.989000   0.005917 
10.335000   0.992000   0.004747 
10.400000   0.995000   0.004154 
10.465000   0.998000   0.002880 
10.530000   1.002000   0.000925 
10.595000   1.005000   -0.000908 
10.660000   1.008000   -0.001344 
10.725000   1.014000   -0.001047 
10.790000   1.017000   -0.000192 
10.855000   1.017000   0.001117 
10.920000   1.020000   0.000140 
10.985000   1.021000   -0.001466 
11.050000   1.023000   -0.001868 
11.115000   1.023000   -0.000454 
11.180000   1.022000   -0.000576 
11.245000   1.021000   0.000157 
11.310000   1.020000   0.000541 
11.375000   1.019000   0.001204 
11.440000   1.021000   0.001798 
11.505000   1.020000   0.002705 
11.570000   1.020000   0.001641 
11.635000   1.020000   0.001152 
11.700000   1.018000   0.000157 
11.765000   1.015000   -0.000524 
11.830000   1.014000   -0.000576 
11.895000   1.013000   -0.002862 
11.960000   1.012000   -0.004573 
12.025000   1.010000   -0.005882 
12.090000   1.011000   -0.006213 
12.155000   1.012000   -0.006301 
12.220000   1.010000   -0.005934 
12.285000   1.010000   -0.006196 
12.350000   1.010000   -0.006981 
12.415000   1.011000   -0.007837 
12.480000   1.013000   -0.007662 
12.545000   1.014000   -0.007400 
12.610000   1.018000   -0.006946 
12.675000   1.017000   -0.007295 
12.740000   1.014000   -0.007191 
12.805000   1.010000   -0.005550 
12.870000   1.005000   -0.004136 
12.935000   1.005000   -0.004014 
13.000000   1.003000   -0.004782 
13.065000   1.000000   -0.005288 
13.130000   0.999000   -0.006161 
13.195000   0.998000   -0.007557 
13.260000   0.997000   -0.007959 
13.325000   0.997000   -0.005498 
13.390000   0.996000   -0.003159 
13.455000   0.995000   -0.002932 
13.520000   0.998000   -0.003805 
13.585000   0.996000   -0.004014 
13.650000   0.995000   -0.003892 
13.715000   0.992000   -0.004189 
13.780000   0.993000   -0.004259 
13.845000   0.995000   -0.003857 
13.910000   0.995000   -0.002618 
13.975000   0.994000   -0.003054 
14.040000   0.995000   -0.002827 
14.105000   0.996000   -0.003142 
14.170000   1.002000   -0.004049 
14.235000   1.002000   -0.005306 
14.300000   1.007000   -0.004922 
14.365000   1.004000   -0.004259 
14.430000   1.001000   -0.005725 
14.495000   0.999000   -0.005917 
14.560000   0.998000   -0.003857 
14.625000   0.995000   -0.002199 
14.690000   0.996000   -0.000663 
14.755000   0.995000   0.000524 
14.820000   0.993000   0.001030 
14.885000   0.991000   -0.000244 
14.950000   0.990000   -0.000960 
15.015000   0.989000   -0.001326 
15.080000   0.990000   -0.002199 
15.145000   0.992000   -0.001484 
15.210000   0.993000   -0.000873 
15.275000   0.995000   -0.000785 
15.340000   0.997000   0.001641 
15.405000   0.996000   0.017034 
15.470000   0.997000   0.044174 
15.535000   0.999000   0.068242 
15.600000   0.999000   0.085120 
15.665000   0.999000   0.096709 
15.730000   1.001000   0.103149 
15.795000   1.002000   0.106378 
15.860000   1.001000   0.106011 
15.925000   1.001000   0.106116 
15.990000   1.001000   0.104580 
16.055000   1.001000   0.102154 
16.120000   1.002000   0.098978 
16.185000   0.999000   0.095801 
16.250000   0.997000   0.093497 
16.315000   0.996000   0.091106 
16.380000   0.992000   0.091159 
16.445000   0.990000   0.091263 
16.510000   0.987000   0.091577 
16.575000   0.986000   0.091298 
16.640000   0.986000   0.090129 
16.705000   0.986000   0.090460 
16.770000   0.986000   0.090460 
16.835000   0.989000   0.093689 
16.900000   0.993000   0.095068 
16.965000   0.992000   0.097599 
17.030000   0.991000   0.100287 
17.095000   0.989000   0.102590 
17.160000   0.986000   0.103777 
17.225000   0.985000   0.104929 
17.290000   0.983000   0.104266 
17.355000   0.982000   0.102364 
17.420000   0.982000   0.101369 
17.485000   0.983000   0.100269 
17.550000   0.982000   0.097232 
17.615000   0.981000   0.094911 
17.680000   0.982000   0.093043 
17.745000   0.982000   0.091665 
17.810000   0.984000   0.088994 
17.875000   0.985000   0.088645 
17.940000   0.985000   0.087650 
18.005000   0.986000   0.086237 
18.070000   0.986000   0.082694 
18.135000   0.987000   0.080669 
18.200000   0.988000   0.077912 
18.265000   0.990000   0.075817 
18.330000   0.993000   0.069761 
18.395000   0.995000   0.048799 
18.460000   0.998000   0.021084 
18.525000   1.002000   -0.006091 
18.590000   1.005000   -0.026634 
18.655000   1.010000   -0.039497 
18.720000   1.019000   -0.043302 
18.785000   1.019000   -0.043319 
18.850000   1.019000   -0.039846 
18.915000   1.019000   -0.039846 
18.980000   1.047000   -0.026948 
19.045000   1.055000   -0.020804 
19.110000   1.058000   -0.014573 
19.175000   1.061000   -0.010542 
19.240000   1.063000   -0.006859 
19.305000   1.063000   -0.001850 
19.370000   1.064000   0.001833 
19.435000   1.059000   0.003438 
19.500000   1.057000   0.005271 
19.565000   1.054000   0.007418 
19.630000   1.051000   0.011327 
19.695000   1.046000   0.011362 
19.760000   1.040000   0.012881 
19.825000   1.040000   0.013893 
19.890000   1.040000   0.016965 
19.955000   1.020000   0.017994 
20.020000   1.015000   0.017977 
20.085000   1.011000   0.017453 
20.150000   1.006000   0.019460 
20.215000   0.998000   0.019932 
20.280000   0.993000   0.020909 
20.345000   0.989000   0.022881 
20.410000   0.984000   0.023719 
20.475000   0.980000   0.023841 
20.540000   0.976000   0.023422 
20.605000   0.975000   0.024103 
20.670000   0.973000   0.023335 
20.735000   0.975000   0.022288 
20.800000   0.974000   0.023161 
20.865000   0.974000   0.025290 
20.930000   0.974000   0.027192 
20.995000   0.974000   0.028763 
21.060000   0.977000   0.029950 
21.125000   0.980000   0.031137 
21.190000   0.980000   0.033702 
21.255000   0.988000   0.035552 
21.320000   0.990000   0.034645 
21.385000   0.992000   0.034854 
21.450000   0.993000   0.034313 
21.515000   0.993000   0.030124 
21.580000   0.993000   0.024138 
21.645000   0.992000   0.017663 
21.710000   0.990000   0.013614 
21.775000   0.992000   0.012444 
21.840000   0.992000   0.011921 
21.905000   0.992000   0.012793 
21.970000   0.991000   0.012758 
22.035000   0.991000   0.012758 
22.100000   0.989000   0.015760 
22.165000   0.988000   0.017191 
22.230000   0.986000   0.018204 
22.295000   0.985000   0.017715 
22.360000   0.985000   0.017715 
22.425000   0.981000   0.017593 
22.490000   0.980000   0.020159 
22.555000   0.978000   0.022497 
22.620000   0.977000   0.024400 
22.685000   0.975000   0.023894 
22.750000   0.975000   0.021782 
22.815000   0.975000   0.019146 
22.880000   0.974000   0.016109 
22.945000   0.976000   0.014224 
23.010000   0.977000   0.013823 
23.075000   0.978000   0.013055 
23.140000   0.981000   0.012427 
23.205000   0.986000   0.011484 
23.270000   0.988000   0.009163 
23.335000   0.990000   0.008238 
23.400000   0.990000   0.008238 
23.465000   0.953000   0.003822 
23.530000   0.927000   0.004922 
23.595000   0.887000   0.011990 
23.660000   0.853000   0.018658 
23.725000   0.811000   0.022986 
23.790000   0.762000   0.028763 
23.855000   0.709000   0.038101 
23.920000   0.652000   0.047752 
23.985000   0.597000   0.053843 
24.050000   0.536000   0.056461 
24.115000   0.479000   0.058905 
24.180000   0.419000   0.059097 
24.245000   0.361000   0.057474 
24.310000   0.308000   0.053512 
24.375000   0.308000   0.048852 
24.440000   0.225000   0.045047 
24.505000   0.225000   0.034400 
24.570000   0.225000   0.017523 
24.635000   0.225000   -0.005812 
24.700000   0.000000   0.004189 
24.765000   0.000000   0.004643 
24.830000   0.000000   0.002635 
24.895000   0.000000   0.002531 
24.960000   0.000000   0.002391 
25.025000   0.000000   0.002077 
25.090000   0.000000   0.002007 
25.155000   0.000000   0.002007 
25.220000   0.000000   0.001763 
25.285000   0.000000   0.001536 
25.350000   0.000000   0.001239 
25.415000   0.000000   0.001100 
25.480000   0.000000   0.001187 
25.545000   0.000000   0.001292 
25.610000   0.000000   0.001152 
25.675000   0.000000   0.001100 
25.740000   0.000000   0.001012 
25.805000   0.000000   0.000908 
25.870000   0.000000   0.000977 
25.935000   0.000000   0.000960 
26.000000   0.000000   0.000960 
26.065000   0.000000   0.000977 
26.130000   0.000000   0.001100 
26.195000   0.000000   0.001100 
26.260000   0.000000   0.000942 
