0.000000   0.000000   0.000000 
0.065000   0.000000   0.000000 
0.130000   0.000000   0.000000 
0.195000   0.000000   0.000000 
0.260000   0.000000   0.000000 
0.325000   0.000000   0.000000 
0.390000   0.000000   0.000000 
0.455000   0.000000   0.000000 
0.520000   0.000000   0.000000 
0.585000   0.000000   0.000000 
0.650000   0.000000   0.000000 
0.715000   0.000000   -0.011676 
0.780000   0.000000   -0.011694 
0.845000   0.000000   -0.011676 
0.910000   0.000000   -0.011676 
0.975000   0.000000   -0.011659 
1.040000   0.000000   -0.011606 
1.105000   0.000000   -0.011606 
1.170000   0.000000   -0.011606 
1.235000   0.000000   -0.011589 
1.300000   0.000000   -0.011572 
1.365000   0.000000   0.000192 
1.430000   0.000000   0.000506 
1.495000   0.000000   0.000541 
1.560000   0.000000   0.000663 
1.625000   0.000000   0.000733 
1.690000   0.000000   0.000698 
1.755000   0.000000   0.000768 
1.820000   0.000000   0.000838 
1.885000   0.000000   0.000925 
1.950000   0.000000   0.000942 
2.015000   0.000000   0.000681 
2.080000   0.000000   0.000838 
2.145000   0.000000   0.000977 
2.210000   0.000000   0.001065 
2.275000   0.000000   0.001396 
2.340000   0.000000   0.001100 
2.405000   0.000000   0.001134 
2.470000   0.000000   0.001082 
2.535000   0.000000   0.000873 
2.600000   0.000000   0.000820 
2.665000   0.000000   0.000681 
2.730000   0.000000   0.001169 
2.795000   0.000000   0.001152 
2.860000   0.000000   0.001100 
2.925000   0.000000   0.001134 
2.990000   0.000000   0.001082 
3.055000   0.000000   0.000890 
3.120000   0.000000   0.000716 
3.185000   0.000000   0.000646 
3.250000   0.000000   0.000681 
3.315000   0.000000   0.000873 
3.380000   0.000000   0.000838 
3.445000   0.000000   0.000908 
3.510000   0.000000   0.001082 
3.575000   0.000000   0.001239 
3.640000   0.000000   0.001239 
3.705000   0.000000   0.001239 
3.770000   0.000000   0.001361 
3.835000   0.000000   0.001187 
3.900000   0.000000   0.001379 
3.965000   0.000000   0.001309 
4.030000   0.000000   0.001588 
4.095000   0.000000   0.001606 
4.160000   0.000000   0.001763 
4.225000   0.000000   0.001728 
4.290000   0.000000   0.001745 
4.355000   0.000000   0.001588 
4.420000   0.000000   0.001396 
4.485000   0.000000   0.001484 
4.550000   0.000000   0.001396 
4.615000   0.000000   0.001326 
4.680000   0.000000   0.001117 
4.745000   0.000000   0.000873 
4.810000   0.000000   0.000960 
4.875000   0.000000   0.000698 
4.940000   0.000000   0.000925 
5.005000   0.000000   0.000890 
5.070000   0.000000   0.001065 
5.135000   0.000000   0.001518 
5.200000   0.000000   0.001134 
5.265000   0.000000   0.000628 
5.330000   0.000000   0.000628 
5.395000   0.000000   0.001676 
5.460000   0.000000   0.003142 
5.525000   0.000000   0.001815 
5.590000   0.000000   0.000925 
5.655000   0.000000   0.009460 
5.720000   0.000000   0.015499 
5.785000   0.000000   0.022270 
5.850000   0.000000   0.012130 
5.915000   0.000000   0.003368 
5.980000   0.000000   -0.001536 
6.045000   0.000000   0.003438 
6.110000   0.000000   0.005201 
6.175000   0.000000   0.008901 
6.240000   0.000000   0.009006 
6.305000   0.000000   0.014347 
6.370000   0.000000   0.020036 
6.435000   0.275000   0.025691 
6.500000   0.300000   0.033632 
6.565000   0.353000   0.037367 
6.630000   0.353000   0.037367 
6.695000   0.353000   0.037367 
6.760000   0.463000   0.030491 
6.825000   0.463000   0.022777 
6.890000   0.555000   0.014155 
6.955000   0.587000   0.006074 
7.020000   0.614000   -0.000017 
7.085000   0.637000   -0.002269 
7.150000   0.654000   -0.003456 
7.215000   0.667000   -0.002496 
7.280000   0.677000   -0.001449 
7.345000   0.683000   -0.000803 
7.410000   0.691000   -0.000716 
7.475000   0.698000   -0.001588 
7.540000   0.705000   -0.001344 
7.605000   0.713000   -0.000454 
7.670000   0.717000   0.002007 
7.735000   0.724000   0.002251 
7.800000   0.733000   0.000436 
7.865000   0.739000   0.000820 
7.930000   0.745000   0.002409 
7.995000   0.754000   0.003508 
8.060000   0.764000   0.005777 
8.125000   0.764000   0.005969 
8.190000   0.764000   0.005969 
8.255000   0.798000   0.005009 
8.320000   0.809000   0.003508 
8.385000   0.809000   0.003508 
8.450000   0.832000   0.002478 
8.515000   0.844000   0.002601 
8.580000   0.853000   0.003351 
8.645000   0.865000   0.004381 
8.710000   0.876000   0.005096 
8.775000   0.889000   0.003857 
8.840000   0.897000   0.004014 
8.905000   0.906000   0.004555 
8.970000   0.914000   0.005219 
9.035000   0.921000   0.004206 
9.100000   0.930000   0.004974 
9.165000   0.937000   0.005288 
9.230000   0.946000   0.005899 
9.295000   0.956000   0.005585 
9.360000   0.964000   0.005411 
9.425000   0.967000   0.004922 
9.490000   0.971000   0.003665 
9.555000   0.973000   0.002985 
9.620000   0.973000   0.003002 
9.685000   0.975000   0.003194 
9.750000   0.977000   0.003159 
9.815000   0.981000   0.002461 
9.880000   0.985000   0.002915 
9.945000   0.988000   0.002653 
10.010000   0.991000   0.003316 
10.075000   0.993000   0.003089 
10.140000   0.994000   0.002758 
10.205000   0.995000   0.001309 
10.270000   0.997000   -0.000628 
10.335000   0.997000   -0.000628 
10.400000   0.999000   -0.050615 
10.465000   0.999000   -0.085835 
10.530000   0.997000   -0.113813 
10.595000   1.000000   -0.115401 
10.660000   1.004000   -0.057544 
10.725000   1.003000   -0.009355 
10.790000   1.003000   0.002513 
10.855000   1.004000   0.008378 
10.920000   1.004000   0.020124 
10.985000   1.004000   0.039444 
11.050000   1.007000   0.064490 
11.115000   1.008000   0.090094 
11.180000   1.011000   0.111596 
11.245000   1.011000   0.111596 
11.310000   1.011000   0.111596 
11.375000   1.013000   0.143815 
11.440000   1.015000   0.153833 
11.505000   1.016000   0.138754 
11.570000   1.015000   0.091525 
11.635000   1.014000   0.066811 
11.700000   1.010000   0.067213 
11.765000   1.011000   0.071367 
11.830000   1.007000   0.064752 
11.895000   1.004000   0.048258 
11.960000   1.000000   0.022358 
12.025000   0.996000   -0.005603 
12.090000   0.989000   -0.029863 
12.155000   0.986000   -0.057264 
12.220000   0.983000   -0.088069 
12.285000   0.978000   -0.115768 
12.350000   0.975000   -0.137829 
12.415000   0.975000   -0.157673 
12.480000   0.974000   -0.170362 
12.545000   0.977000   -0.176400 
12.610000   0.982000   -0.174446 
12.675000   0.982000   -0.174446 
12.740000   0.982000   -0.174446 
12.805000   0.992000   -0.094824 
12.870000   0.991000   -0.030212 
12.935000   0.992000   0.018256 
13.000000   0.992000   0.046583 
13.065000   0.992000   0.062081 
13.130000   0.995000   0.079308 
13.195000   0.996000   0.104249 
13.260000   0.997000   0.130010 
13.325000   0.996000   0.151407 
13.390000   0.994000   0.168128 
13.455000   0.994000   0.168128 
13.520000   0.994000   0.168128 
13.585000   0.994000   0.168128 
13.650000   0.996000   0.167237 
13.715000   0.999000   0.154811 
13.780000   0.999000   0.138527 
13.845000   0.998000   0.113220 
13.910000   0.998000   0.113220 
13.975000   0.991000   0.042586 
14.040000   0.989000   0.009146 
14.105000   0.989000   0.009146 
14.170000   0.982000   -0.055519 
14.235000   0.982000   -0.055519 
14.300000   0.984000   -0.117391 
14.365000   0.985000   -0.141564 
14.430000   0.985000   -0.141564 
14.495000   0.985000   -0.141564 
14.560000   1.004000   -0.181305 
14.625000   1.004000   -0.181305 
14.690000   1.004000   -0.181305 
14.755000   1.023000   -0.154828 
14.820000   1.023000   -0.154828 
14.885000   1.023000   -0.110514 
14.950000   1.023000   -0.087005 
15.015000   1.023000   -0.087005 
15.080000   1.023000   -0.021241 
15.145000   1.023000   0.016493 
15.210000   1.023000   0.050859 
15.275000   1.023000   0.081856 
15.340000   1.023000   0.112364 
15.405000   1.023000   0.139330 
15.470000   1.023000   0.160553 
15.535000   1.023000   0.160553 
15.600000   1.023000   0.160553 
15.665000   1.019000   0.188059 
15.730000   1.019000   0.188059 
15.795000   1.010000   0.112521 
15.860000   1.007000   0.084788 
15.925000   1.001000   0.072798 
15.990000   0.995000   0.055100 
16.055000   0.989000   0.030456 
16.120000   0.982000   0.000279 
16.185000   0.979000   -0.032830 
16.250000   0.976000   -0.063670 
16.315000   0.976000   -0.063670 
16.380000   0.976000   -0.063670 
16.445000   0.971000   -0.116117 
16.510000   0.974000   -0.137864 
16.575000   0.974000   -0.155317 
16.640000   0.981000   -0.167237 
16.705000   0.984000   -0.169070 
16.770000   0.990000   -0.158825 
16.835000   0.992000   -0.142541 
16.900000   0.992000   -0.121143 
16.965000   0.992000   -0.121143 
17.030000   0.992000   -0.121143 
17.095000   0.992000   -0.079412 
17.160000   0.994000   -0.044855 
17.225000   0.995000   0.007086 
17.290000   0.997000   0.031748 
17.355000   0.998000   0.044890 
17.420000   1.003000   0.066637 
17.485000   1.002000   0.098262 
17.550000   1.003000   0.130306 
17.615000   1.003000   0.157202 
17.680000   1.004000   0.175039 
17.745000   1.006000   0.184028 
17.810000   1.009000   0.187937 
17.875000   1.013000   0.185389 
17.940000   1.013000   0.172892 
18.005000   1.014000   0.150517 
18.070000   1.013000   0.120026 
18.135000   1.011000   0.085259 
18.200000   1.012000   0.047927 
18.265000   1.009000   0.009093 
18.330000   1.006000   -0.028903 
18.395000   1.005000   -0.064856 
18.460000   1.003000   -0.098698 
18.525000   1.000000   -0.127235 
18.590000   0.998000   -0.150517 
18.655000   0.999000   -0.169471 
18.720000   1.002000   -0.182300 
18.785000   1.001000   -0.188391 
18.850000   1.005000   -0.183975 
18.915000   1.004000   -0.172683 
18.980000   1.004000   -0.157307 
19.045000   1.004000   -0.140307 
19.110000   1.005000   -0.125489 
19.175000   1.001000   -0.101159 
19.240000   1.000000   -0.067876 
19.305000   1.001000   -0.029845 
19.370000   1.002000   0.009163 
19.435000   1.003000   0.046373 
19.500000   1.005000   0.081297 
19.565000   1.009000   0.112172 
19.630000   1.012000   0.139015 
19.695000   1.014000   0.162577 
19.760000   1.015000   0.176453 
19.825000   1.017000   0.184551 
19.890000   1.018000   0.186104 
19.955000   1.019000   0.179804 
20.020000   1.021000   0.165108 
20.085000   1.021000   0.144321 
20.150000   1.018000   0.116483 
20.215000   1.015000   0.082345 
20.280000   1.012000   0.046949 
20.345000   1.008000   0.008954 
20.410000   1.003000   -0.028362 
20.475000   0.999000   -0.065188 
20.540000   0.995000   -0.098855 
20.605000   0.993000   -0.126292 
20.670000   0.994000   -0.149662 
20.735000   0.997000   -0.166627 
20.800000   0.998000   -0.177675 
20.865000   0.997000   -0.181078 
20.930000   1.000000   -0.178826 
20.995000   1.005000   -0.170396 
21.060000   1.003000   -0.156835 
21.125000   1.006000   -0.135944 
21.190000   1.003000   -0.115820 
21.255000   1.005000   -0.091281 
21.320000   1.001000   -0.059202 
21.385000   0.999000   -0.024522 
21.450000   1.003000   0.012950 
21.515000   1.002000   0.048136 
21.580000   1.004000   0.080338 
21.645000   1.005000   0.110078 
21.710000   1.009000   0.135874 
21.775000   1.010000   0.156643 
21.840000   1.014000   0.171461 
21.905000   1.011000   0.180903 
21.970000   1.011000   0.182195 
22.035000   1.009000   0.175336 
22.100000   1.007000   0.165911 
22.165000   1.006000   0.156155 
22.230000   1.003000   0.139504 
22.295000   0.999000   0.110898 
22.360000   0.996000   0.075206 
22.425000   0.990000   0.038293 
22.490000   0.987000   -0.002409 
22.555000   0.987000   -0.043005 
22.620000   0.982000   -0.080180 
22.685000   0.978000   -0.112382 
22.750000   0.973000   -0.139417 
22.815000   0.971000   -0.160169 
22.880000   0.975000   -0.174254 
22.945000   0.977000   -0.183713 
23.010000   0.980000   -0.184656 
23.075000   0.980000   -0.178530 
23.140000   0.981000   -0.164567 
23.205000   0.985000   -0.141860 
23.270000   0.988000   -0.113010 
23.335000   0.987000   -0.084736 
23.400000   0.993000   -0.053267 
23.465000   0.993000   -0.020124 
23.530000   0.993000   0.013648 
23.595000   0.994000   0.044174 
23.660000   0.999000   0.072030 
23.725000   0.999000   0.072030 
23.790000   0.999000   0.072030 
23.855000   0.999000   0.072030 
23.920000   0.999000   0.072030 
23.985000   1.010000   0.168634 
24.050000   1.012000   0.146102 
24.115000   1.011000   0.120445 
24.180000   1.010000   0.106954 
24.245000   1.012000   0.100688 
24.310000   1.011000   0.090391 
24.375000   1.009000   0.072885 
24.440000   1.005000   0.050108 
24.505000   1.002000   0.024103 
24.570000   0.997000   -0.003595 
24.635000   0.991000   -0.033912 
24.700000   0.987000   -0.065415 
24.765000   0.983000   -0.095714 
24.830000   0.980000   -0.123639 
24.895000   0.983000   -0.146311 
24.960000   0.983000   -0.146311 
25.025000   0.986000   -0.171705 
25.090000   0.991000   -0.175057 
25.155000   0.991000   -0.172788 
25.220000   0.993000   -0.163782 
25.285000   0.992000   -0.145840 
25.350000   0.993000   -0.119450 
25.415000   0.999000   -0.088610 
25.480000   0.999000   -0.056357 
25.545000   0.998000   -0.023527 
25.610000   1.000000   0.009146 
25.675000   1.008000   0.041556 
25.740000   1.011000   0.073618 
25.805000   1.011000   0.073618 
25.870000   1.014000   0.111928 
25.935000   1.014000   0.111928 
26.000000   1.008000   0.136205 
26.065000   1.007000   0.148475 
26.130000   1.005000   0.156050 
26.195000   1.006000   0.157813 
26.260000   1.004000   0.153100 
26.325000   1.006000   0.139382 
26.390000   1.003000   0.120672 
26.455000   0.996000   0.095312 
26.520000   0.991000   0.067021 
26.585000   0.989000   0.035116 
26.650000   0.989000   0.001745 
26.715000   0.987000   -0.033301 
26.780000   0.986000   -0.068050 
26.845000   0.986000   -0.097826 
26.910000   0.987000   -0.124686 
26.975000   0.989000   -0.145176 
27.040000   0.994000   -0.160221 
27.105000   0.996000   -0.169978 
27.170000   1.006000   -0.173154 
27.235000   1.011000   -0.170519 
27.300000   1.014000   -0.162176 
27.365000   1.019000   -0.146328 
27.430000   1.023000   -0.124494 
27.495000   1.023000   -0.097861 
27.560000   1.023000   -0.067911 
27.625000   1.023000   -0.034767 
27.690000   1.023000   -0.000314 
27.755000   1.022000   0.036338 
27.820000   1.021000   0.069988 
27.885000   1.015000   0.100461 
27.950000   1.010000   0.126711 
28.015000   1.005000   0.148336 
28.080000   1.000000   0.164427 
28.145000   0.996000   0.173765 
28.210000   0.993000   0.174585 
28.275000   0.986000   0.170292 
28.340000   0.982000   0.158476 
28.405000   0.977000   0.141040 
28.470000   0.973000   0.118578 
28.535000   0.968000   0.096412 
28.600000   0.964000   0.072710 
28.665000   0.962000   0.040823 
28.730000   0.961000   0.005515 
28.795000   0.960000   -0.030212 
28.860000   0.958000   -0.061959 
28.925000   0.957000   -0.090530 
28.990000   0.958000   -0.116256 
29.055000   0.958000   -0.116256 
29.120000   0.958000   -0.116256 
29.185000   0.975000   -0.172578 
29.250000   0.986000   -0.178652 
29.315000   0.986000   -0.178652 
29.380000   1.001000   -0.166138 
29.445000   1.007000   -0.150692 
29.510000   1.013000   -0.129661 
29.575000   1.013000   -0.129661 
29.640000   1.013000   -0.129661 
29.705000   1.023000   -0.075032 
29.770000   1.023000   -0.010263 
29.835000   1.023000   0.022305 
29.900000   1.023000   0.055606 
29.965000   1.023000   0.087965 
30.030000   1.023000   0.117862 
30.095000   1.023000   0.142838 
30.160000   1.023000   0.162735 
30.225000   1.023000   0.174428 
30.290000   1.023000   0.178512 
30.355000   1.023000   0.173625 
30.420000   1.019000   0.163118 
30.485000   1.013000   0.147096 
30.550000   1.007000   0.124774 
30.615000   1.004000   0.098576 
30.680000   0.998000   0.067928 
30.745000   0.994000   0.036146 
30.810000   0.990000   0.003211 
30.875000   0.986000   -0.032289 
30.940000   0.982000   -0.067038 
31.005000   0.981000   -0.098367 
31.070000   0.980000   -0.125873 
31.135000   0.980000   -0.125873 
31.200000   0.980000   -0.125873 
31.265000   0.980000   -0.125873 
31.330000   0.980000   -0.125873 
31.395000   1.007000   -0.173049 
31.460000   1.011000   -0.126938 
31.525000   1.016000   -0.091857 
31.590000   1.021000   -0.077405 
31.655000   1.021000   -0.071558 
31.720000   1.021000   -0.071558 
31.785000   1.021000   -0.038485 
31.850000   1.021000   -0.012828 
31.915000   1.011000   0.013334 
31.980000   0.981000   0.033022 
32.045000   0.952000   0.045169 
32.110000   0.911000   0.046810 
32.175000   0.911000   0.046810 
32.240000   0.825000   0.046007 
32.305000   0.825000   0.043755 
32.370000   0.724000   0.043337 
32.435000   0.670000   0.044803 
32.500000   0.618000   0.047054 
32.565000   0.565000   0.049637 
32.630000   0.565000   0.051348 
32.695000   0.464000   0.050178 
32.760000   0.416000   0.048450 
32.825000   0.365000   0.048014 
32.890000   0.319000   0.048014 
32.955000   0.278000   0.049236 
33.020000   0.238000   0.051016 
33.085000   0.213000   0.051173 
33.150000   0.213000   0.050929 
33.215000   0.213000   0.050457 
33.280000   0.180000   0.044611 
33.345000   0.000000   0.013230 
33.410000   0.000000   -0.005568 
33.475000   0.000000   -0.006720 
33.540000   0.000000   -0.006405 
33.605000   0.000000   -0.006004 
33.670000   0.000000   -0.005952 
33.735000   0.000000   -0.005637 
33.800000   0.000000   -0.005393 
33.865000   0.000000   -0.005393 
33.930000   0.000000   -0.005079 
33.995000   0.000000   -0.004869 
34.060000   0.000000   -0.004695 
34.125000   0.000000   -0.004485 
34.190000   0.000000   -0.004398 
34.255000   0.000000   -0.004171 
34.320000   0.000000   -0.003910 
34.385000   0.000000   -0.003700 
34.450000   0.000000   -0.003456 
34.515000   0.000000   -0.003229 
34.580000   0.000000   -0.003002 
34.645000   0.000000   -0.002810 
34.710000   0.000000   -0.002688 
34.775000   0.000000   -0.002566 
34.840000   0.000000   -0.002356 
