0.000000   0.000000   0.000000 
0.065000   0.000000   0.000000 
0.130000   0.000000   0.000000 
0.195000   0.000000   0.000000 
0.260000   0.000000   0.000000 
0.325000   0.000000   0.000000 
0.390000   0.000000   0.000000 
0.455000   0.000000   0.000000 
0.520000   0.000000   0.000000 
0.585000   0.000000   0.000000 
0.650000   0.000000   0.000000 
0.715000   0.000000   -0.020508 
0.780000   0.000000   -0.020420 
0.845000   0.000000   -0.020368 
0.910000   0.000000   -0.020473 
0.975000   0.000000   -0.020473 
1.040000   0.000000   -0.020246 
1.105000   0.000000   -0.020333 
1.170000   0.000000   -0.020438 
1.235000   0.000000   -0.020420 
1.300000   0.000000   0.000000 
1.365000   0.000000   -0.000175 
1.430000   0.000000   -0.000140 
1.495000   0.000000   -0.000244 
1.560000   0.000000   -0.000349 
1.625000   0.000000   -0.000384 
1.690000   0.000000   -0.000401 
1.755000   0.000000   -0.000576 
1.820000   0.000000   -0.000646 
1.885000   0.000000   -0.000698 
1.950000   0.000000   -0.000855 
2.015000   0.000000   -0.001012 
2.080000   0.000000   -0.001152 
2.145000   0.000000   -0.001292 
2.210000   0.000000   -0.001292 
2.275000   0.000000   -0.001274 
2.340000   0.000000   -0.001187 
2.405000   0.000000   -0.001239 
2.470000   0.000000   -0.001309 
2.535000   0.000000   -0.001484 
2.600000   0.000000   -0.001623 
2.665000   0.000000   -0.001745 
2.730000   0.000000   -0.001902 
2.795000   0.000000   -0.001937 
2.860000   0.000000   -0.001937 
2.925000   0.000000   -0.001850 
2.990000   0.000000   -0.001850 
3.055000   0.000000   -0.001745 
3.120000   0.000000   -0.001501 
3.185000   0.000000   -0.001257 
3.250000   0.000000   -0.001065 
3.315000   0.000000   -0.001065 
3.380000   0.000000   -0.000995 
3.445000   0.000000   -0.000593 
3.510000   0.000000   -0.000506 
3.575000   0.000000   -0.000803 
3.640000   0.000000   -0.000576 
3.705000   0.000000   -0.000698 
3.770000   0.000000   -0.000524 
3.835000   0.000000   -0.000541 
3.900000   0.000000   -0.000332 
3.965000   0.000000   -0.000087 
4.030000   0.000000   0.000000 
4.095000   0.000000   0.000279 
4.160000   0.000000   0.000000 
4.225000   0.000000   0.000367 
4.290000   0.000000   0.000244 
4.355000   0.000000   0.000122 
4.420000   0.000000   0.000297 
4.485000   0.000000   0.000087 
4.550000   0.000000   0.000436 
4.615000   0.000000   0.000332 
4.680000   0.000000   0.000436 
4.745000   0.000000   0.000105 
4.810000   0.000000   0.000593 
4.875000   0.000000   0.000663 
4.940000   0.000000   0.000960 
5.005000   0.000000   0.001309 
5.070000   0.000000   0.000855 
5.135000   0.000000   0.001047 
5.200000   0.000000   0.004765 
5.265000   0.000000   0.001222 
5.330000   0.000000   0.004555 
5.395000   0.000000   0.003334 
5.460000   0.000000   0.003334 
5.525000   0.000000   0.003334 
5.590000   0.000000   0.015272 
5.655000   0.000000   0.017296 
5.720000   0.000000   0.017331 
5.785000   0.000000   0.017436 
5.850000   0.000000   0.014888 
5.915000   0.000000   0.006702 
5.980000   0.000000   0.001641 
6.045000   0.000000   0.001047 
6.110000   0.000000   0.004049 
6.175000   0.000000   0.014870 
6.240000   0.000000   0.026948 
6.305000   0.279000   0.032446 
6.370000   0.314000   0.038903 
6.435000   0.356000   0.041050 
6.500000   0.416000   0.039095 
6.565000   0.470000   0.031695 
6.630000   0.470000   0.022375 
6.695000   0.559000   0.013893 
6.760000   0.593000   0.006650 
6.825000   0.621000   0.002164 
6.890000   0.643000   -0.001309 
6.955000   0.662000   -0.002199 
7.020000   0.680000   -0.002199 
7.085000   0.694000   -0.003700 
7.150000   0.706000   -0.003334 
7.215000   0.717000   -0.002758 
7.280000   0.727000   -0.002670 
7.345000   0.736000   -0.000820 
7.410000   0.745000   0.000401 
7.475000   0.751000   0.002723 
7.540000   0.759000   0.003700 
7.605000   0.767000   0.005114 
7.670000   0.767000   0.008098 
7.735000   0.785000   0.008238 
7.800000   0.792000   0.006999 
7.865000   0.800000   0.007330 
7.930000   0.808000   0.007627 
7.995000   0.816000   0.007261 
8.060000   0.823000   0.005672 
8.125000   0.831000   0.004206 
8.190000   0.840000   0.004102 
8.255000   0.848000   0.004171 
8.320000   0.856000   0.004433 
8.385000   0.865000   0.004852 
8.450000   0.871000   0.004294 
8.515000   0.877000   0.002880 
8.580000   0.882000   0.003019 
8.645000   0.892000   0.003072 
8.710000   0.898000   0.003438 
8.775000   0.901000   0.004189 
8.840000   0.906000   0.004468 
8.905000   0.911000   0.003735 
8.970000   0.915000   0.003648 
9.035000   0.921000   0.004835 
9.100000   0.925000   0.004241 
9.165000   0.927000   0.003892 
9.230000   0.933000   0.003002 
9.295000   0.940000   0.001641 
9.360000   0.945000   0.002217 
9.425000   0.948000   0.002601 
9.490000   0.954000   0.001798 
9.555000   0.961000   0.001239 
9.620000   0.965000   0.002059 
9.685000   0.968000   0.003054 
9.750000   0.972000   0.003787 
9.815000   0.978000   0.003508 
9.880000   0.982000   0.003700 
9.945000   0.986000   0.004590 
10.010000   0.989000   0.004869 
10.075000   0.993000   0.005760 
10.140000   0.993000   0.006231 
10.205000   0.996000   0.006353 
10.270000   0.997000   0.005445 
10.335000   1.000000   -0.002967 
10.400000   1.000000   -0.017087 
10.465000   1.003000   -0.031957 
10.530000   1.002000   -0.045518 
10.595000   1.002000   -0.056392 
10.660000   1.003000   -0.066392 
10.725000   1.007000   -0.072728 
10.790000   1.006000   -0.076445 
10.855000   1.008000   -0.079936 
10.920000   1.006000   -0.082362 
10.985000   1.005000   -0.083723 
11.050000   1.006000   -0.083531 
11.115000   1.008000   -0.083846 
11.180000   1.013000   -0.084352 
11.245000   1.009000   -0.084352 
11.310000   1.007000   -0.084806 
11.375000   1.004000   -0.085364 
11.440000   1.001000   -0.084264 
11.505000   0.999000   -0.084683 
11.570000   1.000000   -0.084230 
11.635000   0.998000   -0.081489 
11.700000   0.998000   -0.077632 
11.765000   0.998000   -0.072902 
11.830000   0.998000   -0.069115 
11.895000   0.996000   -0.066427 
11.960000   0.993000   -0.062553 
12.025000   0.990000   -0.061209 
12.090000   0.988000   -0.062396 
12.155000   0.988000   -0.061994 
12.220000   0.988000   -0.061994 
12.285000   0.987000   -0.052011 
12.350000   0.987000   -0.046094 
12.415000   0.988000   -0.045623 
12.480000   0.988000   -0.044070 
12.545000   0.987000   -0.037298 
12.610000   0.986000   -0.028746 
12.675000   0.985000   -0.024504 
12.740000   0.985000   -0.021625 
12.805000   0.986000   -0.017645 
12.870000   0.986000   -0.010315 
12.935000   0.985000   -0.003805 
13.000000   0.984000   0.001134 
13.065000   0.984000   0.007976 
13.130000   0.984000   0.014696 
13.195000   0.986000   0.020246 
13.260000   0.989000   0.026354 
13.325000   0.990000   0.032358 
13.390000   0.992000   0.038659 
13.455000   0.996000   0.046513 
13.520000   0.997000   0.054576 
13.585000   0.998000   0.062535 
13.650000   1.000000   0.069656 
13.715000   1.004000   0.075067 
13.780000   1.007000   0.079046 
13.845000   1.009000   0.083025 
13.910000   1.010000   0.087354 
13.975000   1.010000   0.090530 
14.040000   1.011000   0.090670 
14.105000   1.013000   0.090705 
14.170000   1.014000   0.087249 
14.235000   1.014000   0.083915 
14.300000   1.014000   0.081071 
14.365000   1.015000   0.077894 
14.430000   1.014000   0.073688 
14.495000   1.015000   0.070494 
14.560000   1.014000   0.067509 
14.625000   1.011000   0.063897 
14.690000   1.009000   0.060807 
14.755000   1.007000   0.057893 
14.820000   1.006000   0.054943 
14.885000   1.005000   0.052447 
14.950000   1.003000   0.049882 
15.015000   1.000000   0.047002 
15.080000   1.000000   0.043005 
15.145000   1.001000   0.039898 
15.210000   0.997000   0.037420 
15.275000   0.993000   0.035762 
15.340000   0.991000   0.033057 
15.405000   0.990000   0.029147 
15.470000   0.993000   0.026180 
15.535000   0.996000   0.021590 
15.600000   0.997000   0.016232 
15.665000   1.000000   0.009215 
15.730000   1.000000   0.005044 
15.795000   1.003000   0.000733 
15.860000   1.008000   -0.001641 
15.925000   1.008000   -0.005707 
15.990000   1.008000   -0.011065 
16.055000   1.009000   -0.016790 
16.120000   1.010000   -0.022218 
16.185000   1.011000   -0.027803 
16.250000   1.013000   -0.031695 
16.315000   1.013000   -0.037280 
16.380000   1.015000   -0.043616 
16.445000   1.016000   -0.050388 
16.510000   1.020000   -0.057823 
16.575000   1.018000   -0.065048 
16.640000   1.018000   -0.069569 
16.705000   1.015000   -0.072326 
16.770000   1.016000   -0.076253 
16.835000   1.014000   -0.078749 
16.900000   1.013000   -0.082362 
16.965000   1.013000   -0.084003 
17.030000   1.013000   -0.084282 
17.095000   1.012000   -0.083531 
17.160000   1.008000   -0.083025 
17.225000   1.004000   -0.083165 
17.290000   0.998000   -0.082694 
17.355000   0.994000   -0.081437 
17.420000   0.992000   -0.078924 
17.485000   0.989000   -0.075451 
17.550000   0.986000   -0.072641 
17.615000   0.985000   -0.070581 
17.680000   0.982000   -0.068906 
17.745000   0.981000   -0.066811 
17.810000   0.981000   -0.063513 
17.875000   0.985000   -0.059638 
17.940000   0.978000   -0.057369 
18.005000   0.973000   -0.055362 
18.070000   0.971000   -0.053041 
18.135000   0.970000   -0.049550 
18.200000   0.969000   -0.045728 
18.265000   0.967000   -0.042970 
18.330000   0.970000   -0.040998 
18.395000   0.973000   -0.038223 
18.460000   0.973000   -0.034645 
18.525000   0.973000   -0.030770 
18.590000   0.977000   -0.026215 
18.655000   0.972000   -0.021380 
18.720000   0.972000   -0.017209 
18.785000   0.973000   -0.012339 
18.850000   0.975000   -0.008814 
18.915000   0.979000   -0.006405 
18.980000   0.983000   -0.003508 
19.045000   0.985000   0.000838 
19.110000   0.988000   0.005445 
19.175000   0.992000   0.009303 
19.240000   0.996000   0.015376 
19.305000   0.999000   0.021712 
19.370000   1.002000   0.028466 
19.435000   1.005000   0.035046 
19.500000   1.008000   0.043092 
19.565000   1.014000   0.050737 
19.630000   1.017000   0.055816 
19.695000   1.016000   0.059533 
19.760000   1.017000   0.062535 
19.825000   1.015000   0.066654 
19.890000   1.016000   0.069377 
19.955000   1.017000   0.071262 
20.020000   1.019000   0.073251 
20.085000   1.019000   0.072606 
20.150000   1.019000   0.071716 
20.215000   1.021000   0.071698 
20.280000   1.021000   0.072536 
20.345000   1.023000   0.073077 
20.410000   1.023000   0.073217 
20.475000   1.023000   0.074560 
20.540000   1.023000   0.075171 
20.605000   1.023000   0.074944 
20.670000   1.023000   0.074962 
20.735000   1.023000   0.072850 
20.800000   1.021000   0.070913 
20.865000   1.019000   0.067632 
20.930000   1.014000   0.065712 
20.995000   1.012000   0.063286 
21.060000   1.009000   0.061628 
21.125000   1.006000   0.059149 
21.190000   1.003000   0.055990 
21.255000   1.001000   0.052517 
21.320000   0.998000   0.049515 
21.385000   0.996000   0.047141 
21.450000   0.995000   0.045064 
21.515000   0.993000   0.042446 
21.580000   0.990000   0.038572 
21.645000   0.989000   0.033807 
21.710000   0.987000   0.029007 
21.775000   0.985000   0.024714 
21.840000   0.982000   0.021380 
21.905000   0.986000   0.018780 
21.970000   0.984000   0.016773 
22.035000   0.987000   0.013282 
22.100000   0.988000   0.008517 
22.165000   0.988000   0.003264 
22.230000   0.988000   -0.003508 
22.295000   0.992000   -0.010053 
22.360000   0.994000   -0.016616 
22.425000   0.995000   -0.022340 
22.490000   0.997000   -0.026948 
22.555000   1.002000   -0.032009 
22.620000   1.005000   -0.037856 
22.685000   1.007000   -0.044663 
22.750000   1.008000   -0.050981 
22.815000   1.012000   -0.055746 
22.880000   1.013000   -0.060563 
22.945000   1.014000   -0.065851 
23.010000   1.016000   -0.070668 
23.075000   1.018000   -0.075119 
23.140000   1.017000   -0.079186 
23.205000   1.015000   -0.083217 
23.270000   1.015000   -0.087092 
23.335000   1.015000   -0.090617 
23.400000   1.017000   -0.091316 
23.465000   1.014000   -0.091071 
23.530000   1.011000   -0.088226 
23.595000   1.008000   -0.084073 
23.660000   1.007000   -0.081734 
23.725000   1.003000   -0.079936 
23.790000   1.003000   -0.076812 
23.855000   0.998000   -0.071506 
23.920000   0.998000   -0.071506 
23.985000   0.993000   -0.066497 
24.050000   0.989000   -0.065956 
24.115000   0.986000   -0.063705 
24.180000   0.984000   -0.060127 
24.245000   0.980000   -0.056095 
24.310000   0.979000   -0.053756 
24.375000   0.976000   -0.052028 
24.440000   0.975000   -0.049061 
24.505000   0.974000   -0.045221 
24.570000   0.975000   -0.041521 
24.635000   0.974000   -0.038537 
24.700000   0.973000   -0.035936 
24.765000   0.972000   -0.033894 
24.830000   0.972000   -0.031503 
24.895000   0.970000   -0.026599 
24.960000   0.969000   -0.021118 
25.025000   0.972000   -0.016965 
25.090000   0.973000   -0.013439 
25.155000   0.976000   -0.010105 
25.220000   0.977000   -0.006161 
25.285000   0.980000   -0.000017 
25.350000   0.984000   0.005515 
25.415000   0.989000   0.010507 
25.480000   0.992000   0.014277 
25.545000   0.996000   0.015638 
25.610000   1.001000   0.018710 
25.675000   1.005000   0.024819 
25.740000   1.007000   0.031678 
25.805000   1.012000   0.040527 
25.870000   1.015000   0.050510 
25.935000   1.017000   0.058294 
26.000000   1.019000   0.064787 
26.065000   1.023000   0.069324 
26.130000   1.023000   0.071785 
26.195000   1.023000   0.072850 
26.260000   1.023000   0.074787 
26.325000   1.022000   0.076812 
26.390000   1.021000   0.080512 
26.455000   1.020000   0.082519 
26.520000   1.018000   0.082013 
26.585000   1.017000   0.081367 
26.650000   1.015000   0.080303 
26.715000   1.019000   0.079587 
26.780000   1.016000   0.079133 
26.845000   1.016000   0.077493 
26.910000   1.017000   0.076812 
26.975000   1.019000   0.075119 
27.040000   1.018000   0.073112 
27.105000   1.017000   0.068504 
27.170000   1.013000   0.064595 
27.235000   1.011000   0.061942 
27.300000   1.011000   0.058364 
27.365000   1.008000   0.055065 
27.430000   1.007000   0.052779 
27.495000   1.005000   0.052098 
27.560000   1.003000   0.051697 
27.625000   1.004000   0.050388 
27.690000   1.007000   0.049934 
27.755000   1.004000   0.046408 
27.820000   1.008000   0.042132 
27.885000   1.005000   0.036600 
27.950000   1.001000   0.033755 
28.015000   1.001000   0.031189 
28.080000   0.999000   0.028920 
28.145000   0.997000   0.026372 
28.210000   0.998000   0.022009 
28.275000   0.995000   0.016546 
28.340000   0.992000   0.012357 
28.405000   0.994000   0.007156 
28.470000   0.993000   0.002775 
28.535000   0.991000   -0.002583 
28.600000   0.992000   -0.009739 
28.665000   0.992000   -0.017471 
28.730000   0.991000   -0.024103 
28.795000   0.990000   -0.031817 
28.860000   0.990000   -0.038764 
28.925000   0.989000   -0.044087 
28.990000   0.991000   -0.047752 
29.055000   0.993000   -0.051819 
29.120000   0.993000   -0.056549 
29.185000   0.994000   -0.060511 
29.250000   0.995000   -0.066288 
29.315000   0.995000   -0.071192 
29.380000   0.995000   -0.075625 
29.445000   0.993000   -0.079116 
29.510000   0.994000   -0.082083 
29.575000   0.994000   -0.084387 
29.640000   0.996000   -0.085923 
29.705000   1.001000   -0.087319 
29.770000   1.002000   -0.088122 
29.835000   1.002000   -0.086813 
29.900000   1.001000   -0.083846 
29.965000   1.002000   -0.079587 
30.030000   1.001000   -0.076690 
30.095000   0.997000   -0.074752 
30.160000   0.993000   -0.072012 
30.225000   0.994000   -0.067789 
30.290000   0.990000   -0.064542 
30.355000   0.988000   -0.060580 
30.420000   0.986000   -0.056618 
30.485000   0.982000   -0.055187 
30.550000   0.981000   -0.053756 
30.615000   0.984000   -0.052691 
30.680000   0.982000   -0.051260 
30.745000   0.981000   -0.049951 
30.810000   0.982000   -0.046775 
30.875000   0.983000   -0.044384 
30.940000   0.984000   -0.041888 
31.005000   0.987000   -0.039200 
31.070000   0.990000   -0.036966 
31.135000   0.992000   -0.033563 
31.200000   0.999000   -0.029985 
31.265000   0.998000   -0.025325 
31.330000   1.002000   -0.019792 
31.395000   1.005000   -0.015237 
31.460000   1.008000   -0.009111 
31.525000   1.016000   -0.003316 
31.590000   1.016000   0.002461 
31.655000   1.020000   0.008500 
31.720000   1.017000   0.014242 
31.785000   1.012000   0.021607 
31.850000   1.013000   0.027192 
31.915000   1.012000   0.032655 
31.980000   1.010000   0.038519 
32.045000   1.005000   0.042586 
32.110000   1.004000   0.046705 
32.175000   1.005000   0.052657 
32.240000   1.005000   0.059481 
32.305000   1.007000   0.062692 
32.370000   1.009000   0.063582 
32.435000   1.009000   0.064804 
32.500000   1.010000   0.067108 
32.565000   1.009000   0.070407 
32.630000   1.008000   0.072588 
32.695000   1.009000   0.074962 
32.760000   1.011000   0.075398 
32.825000   1.013000   0.075747 
32.890000   1.014000   0.077161 
32.955000   1.014000   0.077039 
33.020000   1.016000   0.076061 
33.085000   1.017000   0.074787 
33.150000   1.016000   0.073758 
33.215000   1.002000   0.070599 
33.280000   0.973000   0.066864 
33.345000   0.946000   0.061854 
33.410000   0.914000   0.057439 
33.475000   0.872000   0.055327 
33.540000   0.830000   0.054978 
33.605000   0.784000   0.053826 
33.670000   0.733000   0.049916 
33.735000   0.682000   0.048869 
33.800000   0.630000   0.050999 
33.865000   0.578000   0.054367 
33.930000   0.528000   0.058137 
33.995000   0.477000   0.062640 
34.060000   0.477000   0.062640 
34.125000   0.477000   0.062640 
34.190000   0.380000   0.075677 
34.255000   0.331000   0.079936 
34.320000   0.287000   0.083497 
34.385000   0.243000   0.089919 
34.450000   0.215000   0.091368 
34.515000   0.200000   0.088541 
34.580000   0.200000   0.070633 
34.645000   0.000000   -0.093393 
34.710000   0.000000   -0.029234 
34.775000   0.000000   -0.000262 
34.840000   0.000000   0.014032 
34.905000   0.000000   0.013247 
34.970000   0.000000   0.012392 
35.035000   0.000000   0.011606 
35.100000   0.000000   0.011310 
35.165000   0.000000   0.010786 
35.230000   0.000000   0.010175 
35.295000   0.000000   0.009512 
35.360000   0.000000   0.008901 
35.425000   0.000000   0.008325 
35.490000   0.000000   0.007802 
35.555000   0.000000   0.007261 
35.620000   0.000000   0.006789 
35.685000   0.000000   0.006336 
35.750000   0.000000   0.005882 
35.815000   0.000000   0.005445 
35.880000   0.000000   0.005027 
35.945000   0.000000   0.004643 
36.010000   0.000000   0.004294 
36.075000   0.000000   0.003910 
36.140000   0.000000   0.003560 
36.205000   0.000000   0.003211 
36.270000   0.000000   0.002862 
36.335000   0.000000   0.002531 
36.400000   0.000000   0.002199 
36.465000   0.000000   0.001868 
36.530000   0.000000   0.001606 
36.595000   0.000000   0.001344 
36.660000   0.000000   0.001065 
36.725000   0.000000   0.000750 
36.790000   0.000000   0.000419 
36.855000   0.000000   0.000087 
36.920000   0.000000   -0.000175 
36.985000   0.000000   -0.000436 
37.050000   0.000000   -0.000733 
37.115000   0.000000   -0.001100 
37.180000   0.000000   -0.001292 
37.245000   0.000000   -0.001484 
37.310000   0.000000   -0.001641 
37.375000   0.000000   -0.001833 
37.440000   0.000000   -0.002025 
37.505000   0.000000   -0.002234 
37.570000   0.000000   -0.002409 
37.635000   0.000000   -0.002548 
37.700000   0.000000   -0.002688 
37.765000   0.000000   -0.002810 
37.830000   0.000000   -0.002985 
37.895000   0.000000   -0.003246 
37.960000   0.000000   -0.003351 
38.025000   0.000000   -0.003473 
38.090000   0.000000   -0.003595 
38.155000   0.000000   -0.003700 
38.220000   0.000000   -0.003805 
38.285000   0.000000   -0.003910 
38.350000   0.000000   -0.004032 
38.415000   0.000000   -0.004102 
38.480000   0.000000   -0.004224 
38.545000   0.000000   -0.004311 
38.610000   0.000000   -0.004416 
38.675000   0.000000   -0.004555 
38.740000   0.000000   -0.004660 
38.805000   0.000000   -0.004765 
38.870000   0.000000   -0.004869 
38.935000   0.000000   -0.005009 
39.000000   0.000000   -0.005096 
39.065000   0.000000   -0.005149 
